{
 "cells": [
  {
   "cell_type": "code",
   "execution_count": 9,
   "metadata": {},
   "outputs": [
    {
     "name": "stdout",
     "output_type": "stream",
     "text": [
      "The autoreload extension is already loaded. To reload it, use:\n",
      "  %reload_ext autoreload\n"
     ]
    }
   ],
   "source": [
    "%load_ext autoreload\n",
    "%autoreload 2\n",
    "\n",
    "import lmpsetup"
   ]
  },
  {
   "cell_type": "code",
   "execution_count": 16,
   "metadata": {
    "scrolled": true
   },
   "outputs": [
    {
     "name": "stdout",
     "output_type": "stream",
     "text": [
      "╔════════════════════════════════════════════════════════════════════════════╗\n",
      "║     Input files created at /home/adria/perdiux/test/lmp_test for CPEB4     ║\n",
      "║----------------------------------------------------------------------------║\n",
      "║   PARAMETERS                                                               ║\n",
      "║       - Model = HPS                                                        ║\n",
      "║       - Chains = 1                                                         ║\n",
      "║       - Ionic Strength (mM) = 0.1                                          ║\n",
      "║       - Medium Permittivity = 80.0                                         ║\n",
      "║       - Temperatures (K) = [300, 320, 340, 360, 380, 400]                  ║\n",
      "║       - HPS Scale = 1.0                                                    ║\n",
      "╚════════════════════════════════════════════════════════════════════════════╝\n"
     ]
    }
   ],
   "source": [
    "lmpsetup.LMPSetup(protein='CPEB4', md_dir='/home/adria/perdiux/test/lmp_test').write_hps_files(slurm=True)"
   ]
  },
  {
   "cell_type": "code",
   "execution_count": 5,
   "metadata": {},
   "outputs": [
    {
     "name": "stdout",
     "output_type": "stream",
     "text": [
      "The autoreload extension is already loaded. To reload it, use:\n",
      "  %reload_ext autoreload\n"
     ]
    }
   ],
   "source": [
    "%load_ext autoreload\n",
    "%autoreload 2\n",
    "\n",
    "import hmdsetup"
   ]
  },
  {
   "cell_type": "code",
   "execution_count": 7,
   "metadata": {},
   "outputs": [
    {
     "name": "stdout",
     "output_type": "stream",
     "text": [
      "╔════════════════════════════════════════════════════════════════════════════╗\n",
      "║     Input files created at /home/adria/perdiux/test/hmd_test for CPEB4     ║\n",
      "║----------------------------------------------------------------------------║\n",
      "║   PARAMETERS                                                               ║\n",
      "║       - Model = HPS                                                        ║\n",
      "║       - Chains = 1                                                         ║\n",
      "║       - Ionic Strength (mM) = 0.1                                          ║\n",
      "║       - Medium Permittivity = 80.0                                         ║\n",
      "║       - Temperatures (K) = [300, 320, 340, 360, 380, 400]                  ║\n",
      "║       - HPS Scale = 1.0                                                    ║\n",
      "╚════════════════════════════════════════════════════════════════════════════╝\n"
     ]
    }
   ],
   "source": [
    "hmdsetup.HMDSetup(protein='CPEB4', md_dir='/home/adria/perdiux/test/hmd_test').write_hps_files()"
   ]
  },
  {
   "cell_type": "code",
   "execution_count": 5,
   "metadata": {},
   "outputs": [
    {
     "data": {
      "text/plain": [
       "{'A': {'name': 'ALA',\n",
       "  'mass': 71.08000179999999,\n",
       "  'q': 0.0,\n",
       "  'type': 'hydrophobic',\n",
       "  'lambda': 0.72973,\n",
       "  'sigma': 5.04},\n",
       " 'R': {'name': 'ARG',\n",
       "  'mass': 156.2,\n",
       "  'q': 1.0,\n",
       "  'type': 'charged',\n",
       "  'lambda': 0.0,\n",
       "  'sigma': 6.56},\n",
       " 'N': {'name': 'ASN',\n",
       "  'mass': 114.099998,\n",
       "  'q': 0.0,\n",
       "  'type': 'polar',\n",
       "  'lambda': 0.432432,\n",
       "  'sigma': 5.68},\n",
       " 'D': {'name': 'ASP',\n",
       "  'mass': 115.099998,\n",
       "  'q': -1.0,\n",
       "  'type': 'charged',\n",
       "  'lambda': 0.37837800000000005,\n",
       "  'sigma': 5.58},\n",
       " 'C': {'name': 'CYS',\n",
       "  'mass': 103.1,\n",
       "  'q': 0.0,\n",
       "  'type': 'other',\n",
       "  'lambda': 0.594595,\n",
       "  'sigma': 5.48},\n",
       " 'Q': {'name': 'GLN',\n",
       "  'mass': 128.100006,\n",
       "  'q': 0.0,\n",
       "  'type': 'polar',\n",
       "  'lambda': 0.459459,\n",
       "  'sigma': 6.02},\n",
       " 'E': {'name': 'GLU',\n",
       "  'mass': 129.100006,\n",
       "  'q': -1.0,\n",
       "  'type': 'charged',\n",
       "  'lambda': 0.513514,\n",
       "  'sigma': 5.92},\n",
       " 'G': {'name': 'GLY',\n",
       "  'mass': 57.04999920000001,\n",
       "  'q': 0.0,\n",
       "  'type': 'other',\n",
       "  'lambda': 0.648649,\n",
       "  'sigma': 4.5},\n",
       " 'H': {'name': 'HIS',\n",
       "  'mass': 137.100006,\n",
       "  'q': 0.5,\n",
       "  'type': 'aromatic',\n",
       "  'lambda': 0.513514,\n",
       "  'sigma': 6.08},\n",
       " 'I': {'name': 'ILE',\n",
       "  'mass': 113.199997,\n",
       "  'q': 0.0,\n",
       "  'type': 'hydrophobic',\n",
       "  'lambda': 0.972973,\n",
       "  'sigma': 6.18},\n",
       " 'L': {'name': 'LEU',\n",
       "  'mass': 113.199997,\n",
       "  'q': 0.0,\n",
       "  'type': 'hydrophobic',\n",
       "  'lambda': 0.972973,\n",
       "  'sigma': 6.18},\n",
       " 'K': {'name': 'LYS',\n",
       "  'mass': 128.199997,\n",
       "  'q': 1.0,\n",
       "  'type': 'charged',\n",
       "  'lambda': 0.513514,\n",
       "  'sigma': 6.36},\n",
       " 'M': {'name': 'MET',\n",
       "  'mass': 131.199997,\n",
       "  'q': 0.0,\n",
       "  'type': 'hydrophobic',\n",
       "  'lambda': 0.837838,\n",
       "  'sigma': 6.18},\n",
       " 'F': {'name': 'PHE',\n",
       "  'mass': 147.199997,\n",
       "  'q': 0.0,\n",
       "  'type': 'aromatic',\n",
       "  'lambda': 1.0,\n",
       "  'sigma': 6.36},\n",
       " 'P': {'name': 'PRO',\n",
       "  'mass': 97.1200027,\n",
       "  'q': 0.0,\n",
       "  'type': 'other',\n",
       "  'lambda': 1.0,\n",
       "  'sigma': 5.56},\n",
       " 'S': {'name': 'SER',\n",
       "  'mass': 87.08000179999999,\n",
       "  'q': 0.0,\n",
       "  'type': 'polar',\n",
       "  'lambda': 0.594595,\n",
       "  'sigma': 5.18},\n",
       " 'T': {'name': 'THR',\n",
       "  'mass': 101.099998,\n",
       "  'q': 0.0,\n",
       "  'type': 'polar',\n",
       "  'lambda': 0.675676,\n",
       "  'sigma': 5.62},\n",
       " 'W': {'name': 'TRP',\n",
       "  'mass': 186.199999,\n",
       "  'q': 0.0,\n",
       "  'type': 'aromatic',\n",
       "  'lambda': 0.945946,\n",
       "  'sigma': 6.78},\n",
       " 'Y': {'name': 'TYR',\n",
       "  'mass': 163.199997,\n",
       "  'q': 0.0,\n",
       "  'type': 'aromatic',\n",
       "  'lambda': 0.864865,\n",
       "  'sigma': 6.46},\n",
       " 'V': {'name': 'VAL',\n",
       "  'mass': 99.0699997,\n",
       "  'q': 0.0,\n",
       "  'type': 'hydrophobic',\n",
       "  'lambda': 0.891892,\n",
       "  'sigma': 5.86}}"
      ]
     },
     "execution_count": 5,
     "metadata": {},
     "output_type": "execute_result"
    }
   ],
   "source": [
    "import numpy as np\n",
    "import pandas as pd\n",
    "from sklearn.utils import shuffle\n",
    "lambdas = pd.read_csv('/home/adria/scripts/md/data/hps/lambdas.dat', sep=\" \", header=0, index_col=0).drop(\"RES\", 1)\n",
    "sigmas = pd.read_csv('/home/adria/scripts/md/data/hps/sigmas.dat', sep=\" \", header=0, index_col=0).drop(\"RES\", 1)\n",
    "residues = pd.read_csv('/home/adria/scripts/md/data/general/residues.txt', sep=\" \", header=0, index_col=0)\n",
    "\n",
    "residues = residues.merge(lambdas, left_index=True, right_index=True, how='inner')\n",
    "residues = residues.merge(sigmas, left_index=True, right_index=True, how='inner')\n",
    "residues.columns = [\"name\", \"mass\", \"q\", \"type\", \"lambda\", \"sigma\"]\n",
    "\n",
    "dicti = residues.to_dict(orient='index')\n",
    "dicti"
   ]
  },
  {
   "cell_type": "code",
   "execution_count": 149,
   "metadata": {},
   "outputs": [
    {
     "data": {
      "text/html": [
       "<div>\n",
       "<style scoped>\n",
       "    .dataframe tbody tr th:only-of-type {\n",
       "        vertical-align: middle;\n",
       "    }\n",
       "\n",
       "    .dataframe tbody tr th {\n",
       "        vertical-align: top;\n",
       "    }\n",
       "\n",
       "    .dataframe thead th {\n",
       "        text-align: right;\n",
       "    }\n",
       "</style>\n",
       "<table border=\"1\" class=\"dataframe\">\n",
       "  <thead>\n",
       "    <tr style=\"text-align: right;\">\n",
       "      <th></th>\n",
       "      <th>A</th>\n",
       "      <th>R</th>\n",
       "      <th>N</th>\n",
       "      <th>D</th>\n",
       "      <th>C</th>\n",
       "      <th>Q</th>\n",
       "      <th>E</th>\n",
       "      <th>G</th>\n",
       "      <th>H</th>\n",
       "      <th>I</th>\n",
       "      <th>L</th>\n",
       "      <th>K</th>\n",
       "      <th>M</th>\n",
       "      <th>F</th>\n",
       "      <th>P</th>\n",
       "      <th>S</th>\n",
       "      <th>T</th>\n",
       "      <th>W</th>\n",
       "      <th>Y</th>\n",
       "      <th>V</th>\n",
       "    </tr>\n",
       "  </thead>\n",
       "  <tbody>\n",
       "    <tr>\n",
       "      <td>A</td>\n",
       "      <td>0.729730</td>\n",
       "      <td>0.364865</td>\n",
       "      <td>0.581081</td>\n",
       "      <td>0.554054</td>\n",
       "      <td>0.662162</td>\n",
       "      <td>0.594595</td>\n",
       "      <td>0.621622</td>\n",
       "      <td>0.689190</td>\n",
       "      <td>0.621622</td>\n",
       "      <td>0.851352</td>\n",
       "      <td>0.851352</td>\n",
       "      <td>0.621622</td>\n",
       "      <td>0.783784</td>\n",
       "      <td>0.864865</td>\n",
       "      <td>0.864865</td>\n",
       "      <td>0.662162</td>\n",
       "      <td>0.702703</td>\n",
       "      <td>0.837838</td>\n",
       "      <td>0.797297</td>\n",
       "      <td>0.810811</td>\n",
       "    </tr>\n",
       "    <tr>\n",
       "      <td>R</td>\n",
       "      <td>0.364865</td>\n",
       "      <td>0.000000</td>\n",
       "      <td>0.216216</td>\n",
       "      <td>0.189189</td>\n",
       "      <td>0.297297</td>\n",
       "      <td>0.229730</td>\n",
       "      <td>0.256757</td>\n",
       "      <td>0.324325</td>\n",
       "      <td>0.256757</td>\n",
       "      <td>0.486486</td>\n",
       "      <td>0.486486</td>\n",
       "      <td>0.256757</td>\n",
       "      <td>0.418919</td>\n",
       "      <td>0.500000</td>\n",
       "      <td>0.500000</td>\n",
       "      <td>0.297297</td>\n",
       "      <td>0.337838</td>\n",
       "      <td>0.472973</td>\n",
       "      <td>0.432432</td>\n",
       "      <td>0.445946</td>\n",
       "    </tr>\n",
       "    <tr>\n",
       "      <td>N</td>\n",
       "      <td>0.581081</td>\n",
       "      <td>0.216216</td>\n",
       "      <td>0.432432</td>\n",
       "      <td>0.405405</td>\n",
       "      <td>0.513513</td>\n",
       "      <td>0.445945</td>\n",
       "      <td>0.472973</td>\n",
       "      <td>0.540540</td>\n",
       "      <td>0.472973</td>\n",
       "      <td>0.702703</td>\n",
       "      <td>0.702703</td>\n",
       "      <td>0.472973</td>\n",
       "      <td>0.635135</td>\n",
       "      <td>0.716216</td>\n",
       "      <td>0.716216</td>\n",
       "      <td>0.513513</td>\n",
       "      <td>0.554054</td>\n",
       "      <td>0.689189</td>\n",
       "      <td>0.648648</td>\n",
       "      <td>0.662162</td>\n",
       "    </tr>\n",
       "    <tr>\n",
       "      <td>D</td>\n",
       "      <td>0.554054</td>\n",
       "      <td>0.189189</td>\n",
       "      <td>0.405405</td>\n",
       "      <td>0.378378</td>\n",
       "      <td>0.486487</td>\n",
       "      <td>0.418919</td>\n",
       "      <td>0.445946</td>\n",
       "      <td>0.513514</td>\n",
       "      <td>0.445946</td>\n",
       "      <td>0.675675</td>\n",
       "      <td>0.675675</td>\n",
       "      <td>0.445946</td>\n",
       "      <td>0.608108</td>\n",
       "      <td>0.689189</td>\n",
       "      <td>0.689189</td>\n",
       "      <td>0.486487</td>\n",
       "      <td>0.527027</td>\n",
       "      <td>0.662162</td>\n",
       "      <td>0.621622</td>\n",
       "      <td>0.635135</td>\n",
       "    </tr>\n",
       "    <tr>\n",
       "      <td>C</td>\n",
       "      <td>0.662162</td>\n",
       "      <td>0.297297</td>\n",
       "      <td>0.513513</td>\n",
       "      <td>0.486487</td>\n",
       "      <td>0.594595</td>\n",
       "      <td>0.527027</td>\n",
       "      <td>0.554055</td>\n",
       "      <td>0.621622</td>\n",
       "      <td>0.554055</td>\n",
       "      <td>0.783784</td>\n",
       "      <td>0.783784</td>\n",
       "      <td>0.554055</td>\n",
       "      <td>0.716217</td>\n",
       "      <td>0.797297</td>\n",
       "      <td>0.797297</td>\n",
       "      <td>0.594595</td>\n",
       "      <td>0.635136</td>\n",
       "      <td>0.770270</td>\n",
       "      <td>0.729730</td>\n",
       "      <td>0.743243</td>\n",
       "    </tr>\n",
       "    <tr>\n",
       "      <td>Q</td>\n",
       "      <td>0.594595</td>\n",
       "      <td>0.229730</td>\n",
       "      <td>0.445945</td>\n",
       "      <td>0.418919</td>\n",
       "      <td>0.527027</td>\n",
       "      <td>0.459459</td>\n",
       "      <td>0.486487</td>\n",
       "      <td>0.554054</td>\n",
       "      <td>0.486487</td>\n",
       "      <td>0.716216</td>\n",
       "      <td>0.716216</td>\n",
       "      <td>0.486487</td>\n",
       "      <td>0.648648</td>\n",
       "      <td>0.729730</td>\n",
       "      <td>0.729730</td>\n",
       "      <td>0.527027</td>\n",
       "      <td>0.567568</td>\n",
       "      <td>0.702703</td>\n",
       "      <td>0.662162</td>\n",
       "      <td>0.675675</td>\n",
       "    </tr>\n",
       "    <tr>\n",
       "      <td>E</td>\n",
       "      <td>0.621622</td>\n",
       "      <td>0.256757</td>\n",
       "      <td>0.472973</td>\n",
       "      <td>0.445946</td>\n",
       "      <td>0.554055</td>\n",
       "      <td>0.486487</td>\n",
       "      <td>0.513514</td>\n",
       "      <td>0.581082</td>\n",
       "      <td>0.513514</td>\n",
       "      <td>0.743243</td>\n",
       "      <td>0.743243</td>\n",
       "      <td>0.513514</td>\n",
       "      <td>0.675676</td>\n",
       "      <td>0.756757</td>\n",
       "      <td>0.756757</td>\n",
       "      <td>0.554055</td>\n",
       "      <td>0.594595</td>\n",
       "      <td>0.729730</td>\n",
       "      <td>0.689190</td>\n",
       "      <td>0.702703</td>\n",
       "    </tr>\n",
       "    <tr>\n",
       "      <td>G</td>\n",
       "      <td>0.689190</td>\n",
       "      <td>0.324325</td>\n",
       "      <td>0.540540</td>\n",
       "      <td>0.513514</td>\n",
       "      <td>0.621622</td>\n",
       "      <td>0.554054</td>\n",
       "      <td>0.581082</td>\n",
       "      <td>0.648649</td>\n",
       "      <td>0.581082</td>\n",
       "      <td>0.810811</td>\n",
       "      <td>0.810811</td>\n",
       "      <td>0.581082</td>\n",
       "      <td>0.743243</td>\n",
       "      <td>0.824325</td>\n",
       "      <td>0.824325</td>\n",
       "      <td>0.621622</td>\n",
       "      <td>0.662162</td>\n",
       "      <td>0.797297</td>\n",
       "      <td>0.756757</td>\n",
       "      <td>0.770271</td>\n",
       "    </tr>\n",
       "    <tr>\n",
       "      <td>H</td>\n",
       "      <td>0.621622</td>\n",
       "      <td>0.256757</td>\n",
       "      <td>0.472973</td>\n",
       "      <td>0.445946</td>\n",
       "      <td>0.554055</td>\n",
       "      <td>0.486487</td>\n",
       "      <td>0.513514</td>\n",
       "      <td>0.581082</td>\n",
       "      <td>0.513514</td>\n",
       "      <td>0.743243</td>\n",
       "      <td>0.743243</td>\n",
       "      <td>0.513514</td>\n",
       "      <td>0.675676</td>\n",
       "      <td>0.756757</td>\n",
       "      <td>0.756757</td>\n",
       "      <td>0.554055</td>\n",
       "      <td>0.594595</td>\n",
       "      <td>0.729730</td>\n",
       "      <td>0.689190</td>\n",
       "      <td>0.702703</td>\n",
       "    </tr>\n",
       "    <tr>\n",
       "      <td>I</td>\n",
       "      <td>0.851352</td>\n",
       "      <td>0.486486</td>\n",
       "      <td>0.702703</td>\n",
       "      <td>0.675675</td>\n",
       "      <td>0.783784</td>\n",
       "      <td>0.716216</td>\n",
       "      <td>0.743243</td>\n",
       "      <td>0.810811</td>\n",
       "      <td>0.743243</td>\n",
       "      <td>0.972973</td>\n",
       "      <td>0.972973</td>\n",
       "      <td>0.743243</td>\n",
       "      <td>0.905405</td>\n",
       "      <td>0.986487</td>\n",
       "      <td>0.986487</td>\n",
       "      <td>0.783784</td>\n",
       "      <td>0.824325</td>\n",
       "      <td>0.959459</td>\n",
       "      <td>0.918919</td>\n",
       "      <td>0.932432</td>\n",
       "    </tr>\n",
       "    <tr>\n",
       "      <td>L</td>\n",
       "      <td>0.851352</td>\n",
       "      <td>0.486486</td>\n",
       "      <td>0.702703</td>\n",
       "      <td>0.675675</td>\n",
       "      <td>0.783784</td>\n",
       "      <td>0.716216</td>\n",
       "      <td>0.743243</td>\n",
       "      <td>0.810811</td>\n",
       "      <td>0.743243</td>\n",
       "      <td>0.972973</td>\n",
       "      <td>0.972973</td>\n",
       "      <td>0.743243</td>\n",
       "      <td>0.905405</td>\n",
       "      <td>0.986487</td>\n",
       "      <td>0.986487</td>\n",
       "      <td>0.783784</td>\n",
       "      <td>0.824325</td>\n",
       "      <td>0.959459</td>\n",
       "      <td>0.918919</td>\n",
       "      <td>0.932432</td>\n",
       "    </tr>\n",
       "    <tr>\n",
       "      <td>K</td>\n",
       "      <td>0.621622</td>\n",
       "      <td>0.256757</td>\n",
       "      <td>0.472973</td>\n",
       "      <td>0.445946</td>\n",
       "      <td>0.554055</td>\n",
       "      <td>0.486487</td>\n",
       "      <td>0.513514</td>\n",
       "      <td>0.581082</td>\n",
       "      <td>0.513514</td>\n",
       "      <td>0.743243</td>\n",
       "      <td>0.743243</td>\n",
       "      <td>0.513514</td>\n",
       "      <td>0.675676</td>\n",
       "      <td>0.756757</td>\n",
       "      <td>0.756757</td>\n",
       "      <td>0.554055</td>\n",
       "      <td>0.594595</td>\n",
       "      <td>0.729730</td>\n",
       "      <td>0.689190</td>\n",
       "      <td>0.702703</td>\n",
       "    </tr>\n",
       "    <tr>\n",
       "      <td>M</td>\n",
       "      <td>0.783784</td>\n",
       "      <td>0.418919</td>\n",
       "      <td>0.635135</td>\n",
       "      <td>0.608108</td>\n",
       "      <td>0.716217</td>\n",
       "      <td>0.648648</td>\n",
       "      <td>0.675676</td>\n",
       "      <td>0.743243</td>\n",
       "      <td>0.675676</td>\n",
       "      <td>0.905405</td>\n",
       "      <td>0.905405</td>\n",
       "      <td>0.675676</td>\n",
       "      <td>0.837838</td>\n",
       "      <td>0.918919</td>\n",
       "      <td>0.918919</td>\n",
       "      <td>0.716217</td>\n",
       "      <td>0.756757</td>\n",
       "      <td>0.891892</td>\n",
       "      <td>0.851352</td>\n",
       "      <td>0.864865</td>\n",
       "    </tr>\n",
       "    <tr>\n",
       "      <td>F</td>\n",
       "      <td>0.864865</td>\n",
       "      <td>0.500000</td>\n",
       "      <td>0.716216</td>\n",
       "      <td>0.689189</td>\n",
       "      <td>0.797297</td>\n",
       "      <td>0.729730</td>\n",
       "      <td>0.756757</td>\n",
       "      <td>0.824325</td>\n",
       "      <td>0.756757</td>\n",
       "      <td>0.986487</td>\n",
       "      <td>0.986487</td>\n",
       "      <td>0.756757</td>\n",
       "      <td>0.918919</td>\n",
       "      <td>1.000000</td>\n",
       "      <td>1.000000</td>\n",
       "      <td>0.797297</td>\n",
       "      <td>0.837838</td>\n",
       "      <td>0.972973</td>\n",
       "      <td>0.932432</td>\n",
       "      <td>0.945946</td>\n",
       "    </tr>\n",
       "    <tr>\n",
       "      <td>P</td>\n",
       "      <td>0.864865</td>\n",
       "      <td>0.500000</td>\n",
       "      <td>0.716216</td>\n",
       "      <td>0.689189</td>\n",
       "      <td>0.797297</td>\n",
       "      <td>0.729730</td>\n",
       "      <td>0.756757</td>\n",
       "      <td>0.824325</td>\n",
       "      <td>0.756757</td>\n",
       "      <td>0.986487</td>\n",
       "      <td>0.986487</td>\n",
       "      <td>0.756757</td>\n",
       "      <td>0.918919</td>\n",
       "      <td>1.000000</td>\n",
       "      <td>1.000000</td>\n",
       "      <td>0.797297</td>\n",
       "      <td>0.837838</td>\n",
       "      <td>0.972973</td>\n",
       "      <td>0.932432</td>\n",
       "      <td>0.945946</td>\n",
       "    </tr>\n",
       "    <tr>\n",
       "      <td>S</td>\n",
       "      <td>0.662162</td>\n",
       "      <td>0.297297</td>\n",
       "      <td>0.513513</td>\n",
       "      <td>0.486487</td>\n",
       "      <td>0.594595</td>\n",
       "      <td>0.527027</td>\n",
       "      <td>0.554055</td>\n",
       "      <td>0.621622</td>\n",
       "      <td>0.554055</td>\n",
       "      <td>0.783784</td>\n",
       "      <td>0.783784</td>\n",
       "      <td>0.554055</td>\n",
       "      <td>0.716217</td>\n",
       "      <td>0.797297</td>\n",
       "      <td>0.797297</td>\n",
       "      <td>0.594595</td>\n",
       "      <td>0.635136</td>\n",
       "      <td>0.770270</td>\n",
       "      <td>0.729730</td>\n",
       "      <td>0.743243</td>\n",
       "    </tr>\n",
       "    <tr>\n",
       "      <td>T</td>\n",
       "      <td>0.702703</td>\n",
       "      <td>0.337838</td>\n",
       "      <td>0.554054</td>\n",
       "      <td>0.527027</td>\n",
       "      <td>0.635136</td>\n",
       "      <td>0.567568</td>\n",
       "      <td>0.594595</td>\n",
       "      <td>0.662162</td>\n",
       "      <td>0.594595</td>\n",
       "      <td>0.824325</td>\n",
       "      <td>0.824325</td>\n",
       "      <td>0.594595</td>\n",
       "      <td>0.756757</td>\n",
       "      <td>0.837838</td>\n",
       "      <td>0.837838</td>\n",
       "      <td>0.635136</td>\n",
       "      <td>0.675676</td>\n",
       "      <td>0.810811</td>\n",
       "      <td>0.770271</td>\n",
       "      <td>0.783784</td>\n",
       "    </tr>\n",
       "    <tr>\n",
       "      <td>W</td>\n",
       "      <td>0.837838</td>\n",
       "      <td>0.472973</td>\n",
       "      <td>0.689189</td>\n",
       "      <td>0.662162</td>\n",
       "      <td>0.770270</td>\n",
       "      <td>0.702703</td>\n",
       "      <td>0.729730</td>\n",
       "      <td>0.797297</td>\n",
       "      <td>0.729730</td>\n",
       "      <td>0.959459</td>\n",
       "      <td>0.959459</td>\n",
       "      <td>0.729730</td>\n",
       "      <td>0.891892</td>\n",
       "      <td>0.972973</td>\n",
       "      <td>0.972973</td>\n",
       "      <td>0.770270</td>\n",
       "      <td>0.810811</td>\n",
       "      <td>0.945946</td>\n",
       "      <td>0.905405</td>\n",
       "      <td>0.918919</td>\n",
       "    </tr>\n",
       "    <tr>\n",
       "      <td>Y</td>\n",
       "      <td>0.797297</td>\n",
       "      <td>0.432432</td>\n",
       "      <td>0.648648</td>\n",
       "      <td>0.621622</td>\n",
       "      <td>0.729730</td>\n",
       "      <td>0.662162</td>\n",
       "      <td>0.689190</td>\n",
       "      <td>0.756757</td>\n",
       "      <td>0.689190</td>\n",
       "      <td>0.918919</td>\n",
       "      <td>0.918919</td>\n",
       "      <td>0.689190</td>\n",
       "      <td>0.851352</td>\n",
       "      <td>0.932432</td>\n",
       "      <td>0.932432</td>\n",
       "      <td>0.729730</td>\n",
       "      <td>0.770271</td>\n",
       "      <td>0.905405</td>\n",
       "      <td>0.864865</td>\n",
       "      <td>0.878378</td>\n",
       "    </tr>\n",
       "    <tr>\n",
       "      <td>V</td>\n",
       "      <td>0.810811</td>\n",
       "      <td>0.445946</td>\n",
       "      <td>0.662162</td>\n",
       "      <td>0.635135</td>\n",
       "      <td>0.743243</td>\n",
       "      <td>0.675675</td>\n",
       "      <td>0.702703</td>\n",
       "      <td>0.770271</td>\n",
       "      <td>0.702703</td>\n",
       "      <td>0.932432</td>\n",
       "      <td>0.932432</td>\n",
       "      <td>0.702703</td>\n",
       "      <td>0.864865</td>\n",
       "      <td>0.945946</td>\n",
       "      <td>0.945946</td>\n",
       "      <td>0.743243</td>\n",
       "      <td>0.783784</td>\n",
       "      <td>0.918919</td>\n",
       "      <td>0.878378</td>\n",
       "      <td>0.891892</td>\n",
       "    </tr>\n",
       "  </tbody>\n",
       "</table>\n",
       "</div>"
      ],
      "text/plain": [
       "          A         R         N         D         C         Q         E  \\\n",
       "A  0.729730  0.364865  0.581081  0.554054  0.662162  0.594595  0.621622   \n",
       "R  0.364865  0.000000  0.216216  0.189189  0.297297  0.229730  0.256757   \n",
       "N  0.581081  0.216216  0.432432  0.405405  0.513513  0.445945  0.472973   \n",
       "D  0.554054  0.189189  0.405405  0.378378  0.486487  0.418919  0.445946   \n",
       "C  0.662162  0.297297  0.513513  0.486487  0.594595  0.527027  0.554055   \n",
       "Q  0.594595  0.229730  0.445945  0.418919  0.527027  0.459459  0.486487   \n",
       "E  0.621622  0.256757  0.472973  0.445946  0.554055  0.486487  0.513514   \n",
       "G  0.689190  0.324325  0.540540  0.513514  0.621622  0.554054  0.581082   \n",
       "H  0.621622  0.256757  0.472973  0.445946  0.554055  0.486487  0.513514   \n",
       "I  0.851352  0.486486  0.702703  0.675675  0.783784  0.716216  0.743243   \n",
       "L  0.851352  0.486486  0.702703  0.675675  0.783784  0.716216  0.743243   \n",
       "K  0.621622  0.256757  0.472973  0.445946  0.554055  0.486487  0.513514   \n",
       "M  0.783784  0.418919  0.635135  0.608108  0.716217  0.648648  0.675676   \n",
       "F  0.864865  0.500000  0.716216  0.689189  0.797297  0.729730  0.756757   \n",
       "P  0.864865  0.500000  0.716216  0.689189  0.797297  0.729730  0.756757   \n",
       "S  0.662162  0.297297  0.513513  0.486487  0.594595  0.527027  0.554055   \n",
       "T  0.702703  0.337838  0.554054  0.527027  0.635136  0.567568  0.594595   \n",
       "W  0.837838  0.472973  0.689189  0.662162  0.770270  0.702703  0.729730   \n",
       "Y  0.797297  0.432432  0.648648  0.621622  0.729730  0.662162  0.689190   \n",
       "V  0.810811  0.445946  0.662162  0.635135  0.743243  0.675675  0.702703   \n",
       "\n",
       "          G         H         I         L         K         M         F  \\\n",
       "A  0.689190  0.621622  0.851352  0.851352  0.621622  0.783784  0.864865   \n",
       "R  0.324325  0.256757  0.486486  0.486486  0.256757  0.418919  0.500000   \n",
       "N  0.540540  0.472973  0.702703  0.702703  0.472973  0.635135  0.716216   \n",
       "D  0.513514  0.445946  0.675675  0.675675  0.445946  0.608108  0.689189   \n",
       "C  0.621622  0.554055  0.783784  0.783784  0.554055  0.716217  0.797297   \n",
       "Q  0.554054  0.486487  0.716216  0.716216  0.486487  0.648648  0.729730   \n",
       "E  0.581082  0.513514  0.743243  0.743243  0.513514  0.675676  0.756757   \n",
       "G  0.648649  0.581082  0.810811  0.810811  0.581082  0.743243  0.824325   \n",
       "H  0.581082  0.513514  0.743243  0.743243  0.513514  0.675676  0.756757   \n",
       "I  0.810811  0.743243  0.972973  0.972973  0.743243  0.905405  0.986487   \n",
       "L  0.810811  0.743243  0.972973  0.972973  0.743243  0.905405  0.986487   \n",
       "K  0.581082  0.513514  0.743243  0.743243  0.513514  0.675676  0.756757   \n",
       "M  0.743243  0.675676  0.905405  0.905405  0.675676  0.837838  0.918919   \n",
       "F  0.824325  0.756757  0.986487  0.986487  0.756757  0.918919  1.000000   \n",
       "P  0.824325  0.756757  0.986487  0.986487  0.756757  0.918919  1.000000   \n",
       "S  0.621622  0.554055  0.783784  0.783784  0.554055  0.716217  0.797297   \n",
       "T  0.662162  0.594595  0.824325  0.824325  0.594595  0.756757  0.837838   \n",
       "W  0.797297  0.729730  0.959459  0.959459  0.729730  0.891892  0.972973   \n",
       "Y  0.756757  0.689190  0.918919  0.918919  0.689190  0.851352  0.932432   \n",
       "V  0.770271  0.702703  0.932432  0.932432  0.702703  0.864865  0.945946   \n",
       "\n",
       "          P         S         T         W         Y         V  \n",
       "A  0.864865  0.662162  0.702703  0.837838  0.797297  0.810811  \n",
       "R  0.500000  0.297297  0.337838  0.472973  0.432432  0.445946  \n",
       "N  0.716216  0.513513  0.554054  0.689189  0.648648  0.662162  \n",
       "D  0.689189  0.486487  0.527027  0.662162  0.621622  0.635135  \n",
       "C  0.797297  0.594595  0.635136  0.770270  0.729730  0.743243  \n",
       "Q  0.729730  0.527027  0.567568  0.702703  0.662162  0.675675  \n",
       "E  0.756757  0.554055  0.594595  0.729730  0.689190  0.702703  \n",
       "G  0.824325  0.621622  0.662162  0.797297  0.756757  0.770271  \n",
       "H  0.756757  0.554055  0.594595  0.729730  0.689190  0.702703  \n",
       "I  0.986487  0.783784  0.824325  0.959459  0.918919  0.932432  \n",
       "L  0.986487  0.783784  0.824325  0.959459  0.918919  0.932432  \n",
       "K  0.756757  0.554055  0.594595  0.729730  0.689190  0.702703  \n",
       "M  0.918919  0.716217  0.756757  0.891892  0.851352  0.864865  \n",
       "F  1.000000  0.797297  0.837838  0.972973  0.932432  0.945946  \n",
       "P  1.000000  0.797297  0.837838  0.972973  0.932432  0.945946  \n",
       "S  0.797297  0.594595  0.635136  0.770270  0.729730  0.743243  \n",
       "T  0.837838  0.635136  0.675676  0.810811  0.770271  0.783784  \n",
       "W  0.972973  0.770270  0.810811  0.945946  0.905405  0.918919  \n",
       "Y  0.932432  0.729730  0.770271  0.905405  0.864865  0.878378  \n",
       "V  0.945946  0.743243  0.783784  0.918919  0.878378  0.891892  "
      ]
     },
     "execution_count": 149,
     "metadata": {},
     "output_type": "execute_result"
    }
   ],
   "source": [
    "int_pot = pd.DataFrame(np.zeros(shape=(len(dicti), len(dicti))), index=dicti.keys(), columns=dicti.keys())\n",
    "for aa_i in dicti:\n",
    "    for aa_j in dicti:\n",
    "        int_pot[aa_i][aa_j] = (dicti[aa_i][\"lambda\"]+dicti[aa_j][\"lambda\"])/2\n"
   ]
  },
  {
   "cell_type": "code",
   "execution_count": null,
   "metadata": {},
   "outputs": [],
   "source": []
  },
  {
   "cell_type": "code",
   "execution_count": null,
   "metadata": {},
   "outputs": [],
   "source": []
  },
  {
   "cell_type": "code",
   "execution_count": 137,
   "metadata": {},
   "outputs": [
    {
     "data": {
      "text/html": [
       "<div>\n",
       "<style scoped>\n",
       "    .dataframe tbody tr th:only-of-type {\n",
       "        vertical-align: middle;\n",
       "    }\n",
       "\n",
       "    .dataframe tbody tr th {\n",
       "        vertical-align: top;\n",
       "    }\n",
       "\n",
       "    .dataframe thead th {\n",
       "        text-align: right;\n",
       "    }\n",
       "</style>\n",
       "<table border=\"1\" class=\"dataframe\">\n",
       "  <thead>\n",
       "    <tr style=\"text-align: right;\">\n",
       "      <th></th>\n",
       "      <th>name</th>\n",
       "      <th>mass</th>\n",
       "      <th>q</th>\n",
       "      <th>type</th>\n",
       "      <th>lambda</th>\n",
       "      <th>sigma</th>\n",
       "    </tr>\n",
       "    <tr>\n",
       "      <th>R</th>\n",
       "      <th></th>\n",
       "      <th></th>\n",
       "      <th></th>\n",
       "      <th></th>\n",
       "      <th></th>\n",
       "      <th></th>\n",
       "    </tr>\n",
       "  </thead>\n",
       "  <tbody>\n",
       "    <tr>\n",
       "      <td>E</td>\n",
       "      <td>GLU</td>\n",
       "      <td>129.100006</td>\n",
       "      <td>-1.0</td>\n",
       "      <td>charged</td>\n",
       "      <td>0.513514</td>\n",
       "      <td>5.92</td>\n",
       "    </tr>\n",
       "    <tr>\n",
       "      <td>M</td>\n",
       "      <td>MET</td>\n",
       "      <td>131.199997</td>\n",
       "      <td>0.0</td>\n",
       "      <td>hydrophobic</td>\n",
       "      <td>0.837838</td>\n",
       "      <td>6.18</td>\n",
       "    </tr>\n",
       "    <tr>\n",
       "      <td>I</td>\n",
       "      <td>ILE</td>\n",
       "      <td>113.199997</td>\n",
       "      <td>0.0</td>\n",
       "      <td>hydrophobic</td>\n",
       "      <td>0.972973</td>\n",
       "      <td>6.18</td>\n",
       "    </tr>\n",
       "    <tr>\n",
       "      <td>Y</td>\n",
       "      <td>TYR</td>\n",
       "      <td>163.199997</td>\n",
       "      <td>0.0</td>\n",
       "      <td>aromatic</td>\n",
       "      <td>0.864865</td>\n",
       "      <td>6.46</td>\n",
       "    </tr>\n",
       "    <tr>\n",
       "      <td>K</td>\n",
       "      <td>LYS</td>\n",
       "      <td>128.199997</td>\n",
       "      <td>1.0</td>\n",
       "      <td>charged</td>\n",
       "      <td>0.513514</td>\n",
       "      <td>6.36</td>\n",
       "    </tr>\n",
       "    <tr>\n",
       "      <td>T</td>\n",
       "      <td>THR</td>\n",
       "      <td>101.099998</td>\n",
       "      <td>0.0</td>\n",
       "      <td>polar</td>\n",
       "      <td>0.675676</td>\n",
       "      <td>5.62</td>\n",
       "    </tr>\n",
       "    <tr>\n",
       "      <td>R</td>\n",
       "      <td>ARG</td>\n",
       "      <td>156.200000</td>\n",
       "      <td>1.0</td>\n",
       "      <td>charged</td>\n",
       "      <td>0.000000</td>\n",
       "      <td>6.56</td>\n",
       "    </tr>\n",
       "    <tr>\n",
       "      <td>F</td>\n",
       "      <td>PHE</td>\n",
       "      <td>147.199997</td>\n",
       "      <td>0.0</td>\n",
       "      <td>aromatic</td>\n",
       "      <td>1.000000</td>\n",
       "      <td>6.36</td>\n",
       "    </tr>\n",
       "    <tr>\n",
       "      <td>Q</td>\n",
       "      <td>GLN</td>\n",
       "      <td>128.100006</td>\n",
       "      <td>0.0</td>\n",
       "      <td>polar</td>\n",
       "      <td>0.459459</td>\n",
       "      <td>6.02</td>\n",
       "    </tr>\n",
       "    <tr>\n",
       "      <td>G</td>\n",
       "      <td>GLY</td>\n",
       "      <td>57.049999</td>\n",
       "      <td>0.0</td>\n",
       "      <td>other</td>\n",
       "      <td>0.648649</td>\n",
       "      <td>4.50</td>\n",
       "    </tr>\n",
       "    <tr>\n",
       "      <td>H</td>\n",
       "      <td>HIS</td>\n",
       "      <td>137.100006</td>\n",
       "      <td>0.5</td>\n",
       "      <td>aromatic</td>\n",
       "      <td>0.513514</td>\n",
       "      <td>6.08</td>\n",
       "    </tr>\n",
       "    <tr>\n",
       "      <td>D</td>\n",
       "      <td>ASP</td>\n",
       "      <td>115.099998</td>\n",
       "      <td>-1.0</td>\n",
       "      <td>charged</td>\n",
       "      <td>0.378378</td>\n",
       "      <td>5.58</td>\n",
       "    </tr>\n",
       "    <tr>\n",
       "      <td>S</td>\n",
       "      <td>SER</td>\n",
       "      <td>87.080002</td>\n",
       "      <td>0.0</td>\n",
       "      <td>polar</td>\n",
       "      <td>0.594595</td>\n",
       "      <td>5.18</td>\n",
       "    </tr>\n",
       "    <tr>\n",
       "      <td>P</td>\n",
       "      <td>PRO</td>\n",
       "      <td>97.120003</td>\n",
       "      <td>0.0</td>\n",
       "      <td>other</td>\n",
       "      <td>1.000000</td>\n",
       "      <td>5.56</td>\n",
       "    </tr>\n",
       "    <tr>\n",
       "      <td>L</td>\n",
       "      <td>LEU</td>\n",
       "      <td>113.199997</td>\n",
       "      <td>0.0</td>\n",
       "      <td>hydrophobic</td>\n",
       "      <td>0.972973</td>\n",
       "      <td>6.18</td>\n",
       "    </tr>\n",
       "    <tr>\n",
       "      <td>V</td>\n",
       "      <td>VAL</td>\n",
       "      <td>99.070000</td>\n",
       "      <td>0.0</td>\n",
       "      <td>hydrophobic</td>\n",
       "      <td>0.891892</td>\n",
       "      <td>5.86</td>\n",
       "    </tr>\n",
       "    <tr>\n",
       "      <td>N</td>\n",
       "      <td>ASN</td>\n",
       "      <td>114.099998</td>\n",
       "      <td>0.0</td>\n",
       "      <td>polar</td>\n",
       "      <td>0.432432</td>\n",
       "      <td>5.68</td>\n",
       "    </tr>\n",
       "    <tr>\n",
       "      <td>C</td>\n",
       "      <td>CYS</td>\n",
       "      <td>103.100000</td>\n",
       "      <td>0.0</td>\n",
       "      <td>other</td>\n",
       "      <td>0.594595</td>\n",
       "      <td>5.48</td>\n",
       "    </tr>\n",
       "    <tr>\n",
       "      <td>W</td>\n",
       "      <td>TRP</td>\n",
       "      <td>186.199999</td>\n",
       "      <td>0.0</td>\n",
       "      <td>aromatic</td>\n",
       "      <td>0.945946</td>\n",
       "      <td>6.78</td>\n",
       "    </tr>\n",
       "    <tr>\n",
       "      <td>A</td>\n",
       "      <td>ALA</td>\n",
       "      <td>71.080002</td>\n",
       "      <td>0.0</td>\n",
       "      <td>hydrophobic</td>\n",
       "      <td>0.729730</td>\n",
       "      <td>5.04</td>\n",
       "    </tr>\n",
       "  </tbody>\n",
       "</table>\n",
       "</div>"
      ],
      "text/plain": [
       "  name        mass    q         type    lambda  sigma\n",
       "R                                                    \n",
       "E  GLU  129.100006 -1.0      charged  0.513514   5.92\n",
       "M  MET  131.199997  0.0  hydrophobic  0.837838   6.18\n",
       "I  ILE  113.199997  0.0  hydrophobic  0.972973   6.18\n",
       "Y  TYR  163.199997  0.0     aromatic  0.864865   6.46\n",
       "K  LYS  128.199997  1.0      charged  0.513514   6.36\n",
       "T  THR  101.099998  0.0        polar  0.675676   5.62\n",
       "R  ARG  156.200000  1.0      charged  0.000000   6.56\n",
       "F  PHE  147.199997  0.0     aromatic  1.000000   6.36\n",
       "Q  GLN  128.100006  0.0        polar  0.459459   6.02\n",
       "G  GLY   57.049999  0.0        other  0.648649   4.50\n",
       "H  HIS  137.100006  0.5     aromatic  0.513514   6.08\n",
       "D  ASP  115.099998 -1.0      charged  0.378378   5.58\n",
       "S  SER   87.080002  0.0        polar  0.594595   5.18\n",
       "P  PRO   97.120003  0.0        other  1.000000   5.56\n",
       "L  LEU  113.199997  0.0  hydrophobic  0.972973   6.18\n",
       "V  VAL   99.070000  0.0  hydrophobic  0.891892   5.86\n",
       "N  ASN  114.099998  0.0        polar  0.432432   5.68\n",
       "C  CYS  103.100000  0.0        other  0.594595   5.48\n",
       "W  TRP  186.199999  0.0     aromatic  0.945946   6.78\n",
       "A  ALA   71.080002  0.0  hydrophobic  0.729730   5.04"
      ]
     },
     "execution_count": 137,
     "metadata": {},
     "output_type": "execute_result"
    }
   ],
   "source": [
