{
 "cells": [
  {
   "cell_type": "code",
   "execution_count": 1,
   "metadata": {},
   "outputs": [],
   "source": [
    "import itertools\n",
    "import time\n",
    "import os\n",
    "import glob\n",
    "import sys\n",
    "import numpy as np\n",
    "\n",
    "%matplotlib inline\n",
    "import matplotlib.pyplot as plt\n",
    "import matplotlib as mpl\n",
    "import pandas as pd\n",
    "from scipy.optimize import least_squares"
   ]
  },
  {
   "cell_type": "markdown",
   "metadata": {},
   "source": [
    "### Lambda and Sigma parameters of the HPS model"
   ]
  },
  {
   "cell_type": "code",
   "execution_count": 2,
   "metadata": {},
   "outputs": [],
   "source": [
    "jsondata = '{\"codes\":{\"ARG\":\"R\",\"ASP\":\"D\",\"ASN\":\"N\",\"GLU\":\"E\",\"LYS\":\"K\",\"HIS\":\"H\",\"GLN\":\"Q\",\"SER\":\"S\",\"CYS\":\"C\",\"GLY\":\"G\",\"THR\":\"T\",\"ALA\":\"A\",\"MET\":\"M\",\"TYR\":\"Y\",\"VAL\":\"V\",\"TRP\":\"W\",\"LEU\":\"L\",\"ILE\":\"I\",\"PRO\":\"P\",\"PHE\":\"F\"},\"MW\":{\"ARG\":156.19,\"ASP\":115.09,\"ASN\":114.1,\"GLU\":129.11,\"LYS\":128.17,\"HIS\":137.14,\"GLN\":128.13,\"SER\":87.08,\"CYS\":103.14,\"GLY\":57.05,\"THR\":101.11,\"ALA\":71.07,\"MET\":131.2,\"TYR\":163.18,\"VAL\":99.13,\"TRP\":186.22,\"LEU\":113.16,\"ILE\":113.16,\"PRO\":97.12,\"PHE\":147.18},\"sigmas\":{\"ARG\":0.656,\"ASP\":0.558,\"ASN\":0.568,\"GLU\":0.592,\"LYS\":0.636,\"HIS\":0.608,\"GLN\":0.602,\"SER\":0.518,\"CYS\":0.548,\"GLY\":0.45,\"THR\":0.562,\"ALA\":0.504,\"MET\":0.618,\"TYR\":0.646,\"VAL\":0.586,\"TRP\":0.678,\"LEU\":0.618,\"ILE\":0.618,\"PRO\":0.556,\"PHE\":0.636},\"lambdas\":{\"ARG\":0.0,\"ASP\":0.378378,\"ASN\":0.432432,\"GLU\":0.459459,\"LYS\":0.513514,\"HIS\":0.513514,\"GLN\":0.513514,\"SER\":0.594595,\"CYS\":0.594595,\"GLY\":0.648649,\"THR\":0.675676,\"ALA\":0.72973,\"MET\":0.837838,\"TYR\":0.864865,\"VAL\":0.891892,\"TRP\":0.945946,\"LEU\":0.972973,\"ILE\":0.972973,\"PRO\":1.0,\"PHE\":1.0},\"q\":{\"ARG\":1,\"ASP\":-1,\"ASN\":0,\"GLU\":-1,\"LYS\":1,\"HIS\":0,\"GLN\":0,\"SER\":0,\"CYS\":0,\"GLY\":0,\"THR\":0,\"ALA\":0,\"MET\":0,\"TYR\":0,\"VAL\":0,\"TRP\":0,\"LEU\":0,\"ILE\":0,\"PRO\":0,\"PHE\":0}}'"
   ]
  },
  {
   "cell_type": "code",
   "execution_count": 3,
   "metadata": {},
   "outputs": [],
   "source": [
    "df = pd.read_json(jsondata)\n",
    "sigmamap = pd.DataFrame((df.sigmas.values+df.sigmas.values.reshape(-1,1))/2,index=df.sigmas.index,columns=df.sigmas.index)\n",
    "lambdamap = pd.DataFrame((df.lambdas.values+df.lambdas.values.reshape(-1,1))/2,index=df.lambdas.index,columns=df.lambdas.index)"
   ]
  },
  {
   "cell_type": "code",
   "execution_count": 6,
   "metadata": {},
   "outputs": [
    {
     "data": {
      "text/html": [
       "<div>\n",
       "<style scoped>\n",
       "    .dataframe tbody tr th:only-of-type {\n",
       "        vertical-align: middle;\n",
       "    }\n",
       "\n",
       "    .dataframe tbody tr th {\n",
       "        vertical-align: top;\n",
       "    }\n",
       "\n",
       "    .dataframe thead th {\n",
       "        text-align: right;\n",
       "    }\n",
       "</style>\n",
       "<table border=\"1\" class=\"dataframe\">\n",
       "  <thead>\n",
       "    <tr style=\"text-align: right;\">\n",
       "      <th></th>\n",
       "      <th>ARG</th>\n",
       "      <th>ASP</th>\n",
       "      <th>ASN</th>\n",
       "      <th>GLU</th>\n",
       "      <th>LYS</th>\n",
       "      <th>HIS</th>\n",
       "      <th>GLN</th>\n",
       "      <th>SER</th>\n",
       "      <th>CYS</th>\n",
       "      <th>GLY</th>\n",
       "      <th>THR</th>\n",
       "      <th>ALA</th>\n",
       "      <th>MET</th>\n",
       "      <th>TYR</th>\n",
       "      <th>VAL</th>\n",
       "      <th>TRP</th>\n",
       "      <th>LEU</th>\n",
       "      <th>ILE</th>\n",
       "      <th>PRO</th>\n",
       "      <th>PHE</th>\n",
       "    </tr>\n",
       "  </thead>\n",
       "  <tbody>\n",
       "    <tr>\n",
       "      <td>ARG</td>\n",
       "      <td>0.656</td>\n",
       "      <td>0.607</td>\n",
       "      <td>0.612</td>\n",
       "      <td>0.624</td>\n",
       "      <td>0.646</td>\n",
       "      <td>0.632</td>\n",
       "      <td>0.629</td>\n",
       "      <td>0.587</td>\n",
       "      <td>0.602</td>\n",
       "      <td>0.553</td>\n",
       "      <td>0.609</td>\n",
       "      <td>0.580</td>\n",
       "      <td>0.637</td>\n",
       "      <td>0.651</td>\n",
       "      <td>0.621</td>\n",
       "      <td>0.667</td>\n",
       "      <td>0.637</td>\n",
       "      <td>0.637</td>\n",
       "      <td>0.606</td>\n",
       "      <td>0.646</td>\n",
       "    </tr>\n",
       "    <tr>\n",
       "      <td>ASP</td>\n",
       "      <td>0.607</td>\n",
       "      <td>0.558</td>\n",
       "      <td>0.563</td>\n",
       "      <td>0.575</td>\n",
       "      <td>0.597</td>\n",
       "      <td>0.583</td>\n",
       "      <td>0.580</td>\n",
       "      <td>0.538</td>\n",
       "      <td>0.553</td>\n",
       "      <td>0.504</td>\n",
       "      <td>0.560</td>\n",
       "      <td>0.531</td>\n",
       "      <td>0.588</td>\n",
       "      <td>0.602</td>\n",
       "      <td>0.572</td>\n",
       "      <td>0.618</td>\n",
       "      <td>0.588</td>\n",
       "      <td>0.588</td>\n",
       "      <td>0.557</td>\n",
       "      <td>0.597</td>\n",
       "    </tr>\n",
       "    <tr>\n",
       "      <td>ASN</td>\n",
       "      <td>0.612</td>\n",
       "      <td>0.563</td>\n",
       "      <td>0.568</td>\n",
       "      <td>0.580</td>\n",
       "      <td>0.602</td>\n",
       "      <td>0.588</td>\n",
       "      <td>0.585</td>\n",
       "      <td>0.543</td>\n",
       "      <td>0.558</td>\n",
       "      <td>0.509</td>\n",
       "      <td>0.565</td>\n",
       "      <td>0.536</td>\n",
       "      <td>0.593</td>\n",
       "      <td>0.607</td>\n",
       "      <td>0.577</td>\n",
       "      <td>0.623</td>\n",
       "      <td>0.593</td>\n",
       "      <td>0.593</td>\n",
       "      <td>0.562</td>\n",
       "      <td>0.602</td>\n",
       "    </tr>\n",
       "    <tr>\n",
       "      <td>GLU</td>\n",
       "      <td>0.624</td>\n",
       "      <td>0.575</td>\n",
       "      <td>0.580</td>\n",
       "      <td>0.592</td>\n",
       "      <td>0.614</td>\n",
       "      <td>0.600</td>\n",
       "      <td>0.597</td>\n",
       "      <td>0.555</td>\n",
       "      <td>0.570</td>\n",
       "      <td>0.521</td>\n",
       "      <td>0.577</td>\n",
       "      <td>0.548</td>\n",
       "      <td>0.605</td>\n",
       "      <td>0.619</td>\n",
       "      <td>0.589</td>\n",
       "      <td>0.635</td>\n",
       "      <td>0.605</td>\n",
       "      <td>0.605</td>\n",
       "      <td>0.574</td>\n",
       "      <td>0.614</td>\n",
       "    </tr>\n",
       "    <tr>\n",
       "      <td>LYS</td>\n",
       "      <td>0.646</td>\n",
       "      <td>0.597</td>\n",
       "      <td>0.602</td>\n",
       "      <td>0.614</td>\n",
       "      <td>0.636</td>\n",
       "      <td>0.622</td>\n",
       "      <td>0.619</td>\n",
       "      <td>0.577</td>\n",
       "      <td>0.592</td>\n",
       "      <td>0.543</td>\n",
       "      <td>0.599</td>\n",
       "      <td>0.570</td>\n",
       "      <td>0.627</td>\n",
       "      <td>0.641</td>\n",
       "      <td>0.611</td>\n",
       "      <td>0.657</td>\n",
       "      <td>0.627</td>\n",
       "      <td>0.627</td>\n",
       "      <td>0.596</td>\n",
       "      <td>0.636</td>\n",
       "    </tr>\n",
       "    <tr>\n",
       "      <td>HIS</td>\n",
       "      <td>0.632</td>\n",
       "      <td>0.583</td>\n",
       "      <td>0.588</td>\n",
       "      <td>0.600</td>\n",
       "      <td>0.622</td>\n",
       "      <td>0.608</td>\n",
       "      <td>0.605</td>\n",
       "      <td>0.563</td>\n",
       "      <td>0.578</td>\n",
       "      <td>0.529</td>\n",
       "      <td>0.585</td>\n",
       "      <td>0.556</td>\n",
       "      <td>0.613</td>\n",
       "      <td>0.627</td>\n",
       "      <td>0.597</td>\n",
       "      <td>0.643</td>\n",
       "      <td>0.613</td>\n",
       "      <td>0.613</td>\n",
       "      <td>0.582</td>\n",
       "      <td>0.622</td>\n",
       "    </tr>\n",
       "    <tr>\n",
       "      <td>GLN</td>\n",
       "      <td>0.629</td>\n",
       "      <td>0.580</td>\n",
       "      <td>0.585</td>\n",
       "      <td>0.597</td>\n",
       "      <td>0.619</td>\n",
       "      <td>0.605</td>\n",
       "      <td>0.602</td>\n",
       "      <td>0.560</td>\n",
       "      <td>0.575</td>\n",
       "      <td>0.526</td>\n",
       "      <td>0.582</td>\n",
       "      <td>0.553</td>\n",
       "      <td>0.610</td>\n",
       "      <td>0.624</td>\n",
       "      <td>0.594</td>\n",
       "      <td>0.640</td>\n",
       "      <td>0.610</td>\n",
       "      <td>0.610</td>\n",
       "      <td>0.579</td>\n",
       "      <td>0.619</td>\n",
       "    </tr>\n",
       "    <tr>\n",
       "      <td>SER</td>\n",
       "      <td>0.587</td>\n",
       "      <td>0.538</td>\n",
       "      <td>0.543</td>\n",
       "      <td>0.555</td>\n",
       "      <td>0.577</td>\n",
       "      <td>0.563</td>\n",
       "      <td>0.560</td>\n",
       "      <td>0.518</td>\n",
       "      <td>0.533</td>\n",
       "      <td>0.484</td>\n",
       "      <td>0.540</td>\n",
       "      <td>0.511</td>\n",
       "      <td>0.568</td>\n",
       "      <td>0.582</td>\n",
       "      <td>0.552</td>\n",
       "      <td>0.598</td>\n",
       "      <td>0.568</td>\n",
       "      <td>0.568</td>\n",
       "      <td>0.537</td>\n",
       "      <td>0.577</td>\n",
       "    </tr>\n",
       "    <tr>\n",
       "      <td>CYS</td>\n",
       "      <td>0.602</td>\n",
       "      <td>0.553</td>\n",
       "      <td>0.558</td>\n",
       "      <td>0.570</td>\n",
       "      <td>0.592</td>\n",
       "      <td>0.578</td>\n",
       "      <td>0.575</td>\n",
       "      <td>0.533</td>\n",
       "      <td>0.548</td>\n",
       "      <td>0.499</td>\n",
       "      <td>0.555</td>\n",
       "      <td>0.526</td>\n",
       "      <td>0.583</td>\n",
       "      <td>0.597</td>\n",
       "      <td>0.567</td>\n",
       "      <td>0.613</td>\n",
       "      <td>0.583</td>\n",
       "      <td>0.583</td>\n",
       "      <td>0.552</td>\n",
       "      <td>0.592</td>\n",
       "    </tr>\n",
       "    <tr>\n",
       "      <td>GLY</td>\n",
       "      <td>0.553</td>\n",
       "      <td>0.504</td>\n",
       "      <td>0.509</td>\n",
       "      <td>0.521</td>\n",
       "      <td>0.543</td>\n",
       "      <td>0.529</td>\n",
       "      <td>0.526</td>\n",
       "      <td>0.484</td>\n",
       "      <td>0.499</td>\n",
       "      <td>0.450</td>\n",
       "      <td>0.506</td>\n",
       "      <td>0.477</td>\n",
       "      <td>0.534</td>\n",
       "      <td>0.548</td>\n",
       "      <td>0.518</td>\n",
       "      <td>0.564</td>\n",
       "      <td>0.534</td>\n",
       "      <td>0.534</td>\n",
       "      <td>0.503</td>\n",
       "      <td>0.543</td>\n",
       "    </tr>\n",
       "    <tr>\n",
       "      <td>THR</td>\n",
       "      <td>0.609</td>\n",
       "      <td>0.560</td>\n",
       "      <td>0.565</td>\n",
       "      <td>0.577</td>\n",
       "      <td>0.599</td>\n",
       "      <td>0.585</td>\n",
       "      <td>0.582</td>\n",
       "      <td>0.540</td>\n",
       "      <td>0.555</td>\n",
       "      <td>0.506</td>\n",
       "      <td>0.562</td>\n",
       "      <td>0.533</td>\n",
       "      <td>0.590</td>\n",
       "      <td>0.604</td>\n",
       "      <td>0.574</td>\n",
       "      <td>0.620</td>\n",
       "      <td>0.590</td>\n",
       "      <td>0.590</td>\n",
       "      <td>0.559</td>\n",
       "      <td>0.599</td>\n",
       "    </tr>\n",
       "    <tr>\n",
       "      <td>ALA</td>\n",
       "      <td>0.580</td>\n",
       "      <td>0.531</td>\n",
       "      <td>0.536</td>\n",
       "      <td>0.548</td>\n",
       "      <td>0.570</td>\n",
       "      <td>0.556</td>\n",
       "      <td>0.553</td>\n",
       "      <td>0.511</td>\n",
       "      <td>0.526</td>\n",
       "      <td>0.477</td>\n",
       "      <td>0.533</td>\n",
       "      <td>0.504</td>\n",
       "      <td>0.561</td>\n",
       "      <td>0.575</td>\n",
       "      <td>0.545</td>\n",
       "      <td>0.591</td>\n",
       "      <td>0.561</td>\n",
       "      <td>0.561</td>\n",
       "      <td>0.530</td>\n",
       "      <td>0.570</td>\n",
       "    </tr>\n",
       "    <tr>\n",
       "      <td>MET</td>\n",
       "      <td>0.637</td>\n",
       "      <td>0.588</td>\n",
       "      <td>0.593</td>\n",
       "      <td>0.605</td>\n",
       "      <td>0.627</td>\n",
       "      <td>0.613</td>\n",
       "      <td>0.610</td>\n",
       "      <td>0.568</td>\n",
       "      <td>0.583</td>\n",
       "      <td>0.534</td>\n",
       "      <td>0.590</td>\n",
       "      <td>0.561</td>\n",
       "      <td>0.618</td>\n",
       "      <td>0.632</td>\n",
       "      <td>0.602</td>\n",
       "      <td>0.648</td>\n",
       "      <td>0.618</td>\n",
       "      <td>0.618</td>\n",
       "      <td>0.587</td>\n",
       "      <td>0.627</td>\n",
       "    </tr>\n",
       "    <tr>\n",
       "      <td>TYR</td>\n",
       "      <td>0.651</td>\n",
       "      <td>0.602</td>\n",
       "      <td>0.607</td>\n",
       "      <td>0.619</td>\n",
       "      <td>0.641</td>\n",
       "      <td>0.627</td>\n",
       "      <td>0.624</td>\n",
       "      <td>0.582</td>\n",
       "      <td>0.597</td>\n",
       "      <td>0.548</td>\n",
       "      <td>0.604</td>\n",
       "      <td>0.575</td>\n",
       "      <td>0.632</td>\n",
       "      <td>0.646</td>\n",
       "      <td>0.616</td>\n",
       "      <td>0.662</td>\n",
       "      <td>0.632</td>\n",
       "      <td>0.632</td>\n",
       "      <td>0.601</td>\n",
       "      <td>0.641</td>\n",
       "    </tr>\n",
       "    <tr>\n",
       "      <td>VAL</td>\n",
       "      <td>0.621</td>\n",
       "      <td>0.572</td>\n",
       "      <td>0.577</td>\n",
       "      <td>0.589</td>\n",
       "      <td>0.611</td>\n",
       "      <td>0.597</td>\n",
       "      <td>0.594</td>\n",
       "      <td>0.552</td>\n",
       "      <td>0.567</td>\n",
       "      <td>0.518</td>\n",
       "      <td>0.574</td>\n",
       "      <td>0.545</td>\n",
       "      <td>0.602</td>\n",
       "      <td>0.616</td>\n",
       "      <td>0.586</td>\n",
       "      <td>0.632</td>\n",
       "      <td>0.602</td>\n",
       "      <td>0.602</td>\n",
       "      <td>0.571</td>\n",
       "      <td>0.611</td>\n",
       "    </tr>\n",
       "    <tr>\n",
       "      <td>TRP</td>\n",
       "      <td>0.667</td>\n",
       "      <td>0.618</td>\n",
       "      <td>0.623</td>\n",
       "      <td>0.635</td>\n",
       "      <td>0.657</td>\n",
       "      <td>0.643</td>\n",
       "      <td>0.640</td>\n",
       "      <td>0.598</td>\n",
       "      <td>0.613</td>\n",
       "      <td>0.564</td>\n",
       "      <td>0.620</td>\n",
       "      <td>0.591</td>\n",
       "      <td>0.648</td>\n",
       "      <td>0.662</td>\n",
       "      <td>0.632</td>\n",
       "      <td>0.678</td>\n",
       "      <td>0.648</td>\n",
       "      <td>0.648</td>\n",
       "      <td>0.617</td>\n",
       "      <td>0.657</td>\n",
       "    </tr>\n",
       "    <tr>\n",
       "      <td>LEU</td>\n",
       "      <td>0.637</td>\n",
       "      <td>0.588</td>\n",
       "      <td>0.593</td>\n",
       "      <td>0.605</td>\n",
       "      <td>0.627</td>\n",
       "      <td>0.613</td>\n",
       "      <td>0.610</td>\n",
       "      <td>0.568</td>\n",
       "      <td>0.583</td>\n",
       "      <td>0.534</td>\n",
       "      <td>0.590</td>\n",
       "      <td>0.561</td>\n",
       "      <td>0.618</td>\n",
       "      <td>0.632</td>\n",
       "      <td>0.602</td>\n",
       "      <td>0.648</td>\n",
       "      <td>0.618</td>\n",
       "      <td>0.618</td>\n",
       "      <td>0.587</td>\n",
       "      <td>0.627</td>\n",
       "    </tr>\n",
       "    <tr>\n",
       "      <td>ILE</td>\n",
       "      <td>0.637</td>\n",
       "      <td>0.588</td>\n",
       "      <td>0.593</td>\n",
       "      <td>0.605</td>\n",
       "      <td>0.627</td>\n",
       "      <td>0.613</td>\n",
       "      <td>0.610</td>\n",
       "      <td>0.568</td>\n",
       "      <td>0.583</td>\n",
       "      <td>0.534</td>\n",
       "      <td>0.590</td>\n",
       "      <td>0.561</td>\n",
       "      <td>0.618</td>\n",
       "      <td>0.632</td>\n",
       "      <td>0.602</td>\n",
       "      <td>0.648</td>\n",
       "      <td>0.618</td>\n",
       "      <td>0.618</td>\n",
       "      <td>0.587</td>\n",
       "      <td>0.627</td>\n",
       "    </tr>\n",
       "    <tr>\n",
       "      <td>PRO</td>\n",
       "      <td>0.606</td>\n",
       "      <td>0.557</td>\n",
       "      <td>0.562</td>\n",
       "      <td>0.574</td>\n",
       "      <td>0.596</td>\n",
       "      <td>0.582</td>\n",
       "      <td>0.579</td>\n",
       "      <td>0.537</td>\n",
       "      <td>0.552</td>\n",
       "      <td>0.503</td>\n",
       "      <td>0.559</td>\n",
       "      <td>0.530</td>\n",
       "      <td>0.587</td>\n",
       "      <td>0.601</td>\n",
       "      <td>0.571</td>\n",
       "      <td>0.617</td>\n",
       "      <td>0.587</td>\n",
       "      <td>0.587</td>\n",
       "      <td>0.556</td>\n",
       "      <td>0.596</td>\n",
       "    </tr>\n",
       "    <tr>\n",
       "      <td>PHE</td>\n",
       "      <td>0.646</td>\n",
       "      <td>0.597</td>\n",
       "      <td>0.602</td>\n",
       "      <td>0.614</td>\n",
       "      <td>0.636</td>\n",
       "      <td>0.622</td>\n",
       "      <td>0.619</td>\n",
       "      <td>0.577</td>\n",
       "      <td>0.592</td>\n",
       "      <td>0.543</td>\n",
       "      <td>0.599</td>\n",
       "      <td>0.570</td>\n",
       "      <td>0.627</td>\n",
       "      <td>0.641</td>\n",
       "      <td>0.611</td>\n",
       "      <td>0.657</td>\n",
       "      <td>0.627</td>\n",
       "      <td>0.627</td>\n",
       "      <td>0.596</td>\n",
       "      <td>0.636</td>\n",
       "    </tr>\n",
       "  </tbody>\n",
       "</table>\n",
       "</div>"
      ],
      "text/plain": [
       "       ARG    ASP    ASN    GLU    LYS    HIS    GLN    SER    CYS    GLY  \\\n",
       "ARG  0.656  0.607  0.612  0.624  0.646  0.632  0.629  0.587  0.602  0.553   \n",
       "ASP  0.607  0.558  0.563  0.575  0.597  0.583  0.580  0.538  0.553  0.504   \n",
       "ASN  0.612  0.563  0.568  0.580  0.602  0.588  0.585  0.543  0.558  0.509   \n",
       "GLU  0.624  0.575  0.580  0.592  0.614  0.600  0.597  0.555  0.570  0.521   \n",
       "LYS  0.646  0.597  0.602  0.614  0.636  0.622  0.619  0.577  0.592  0.543   \n",
       "HIS  0.632  0.583  0.588  0.600  0.622  0.608  0.605  0.563  0.578  0.529   \n",
       "GLN  0.629  0.580  0.585  0.597  0.619  0.605  0.602  0.560  0.575  0.526   \n",
       "SER  0.587  0.538  0.543  0.555  0.577  0.563  0.560  0.518  0.533  0.484   \n",
       "CYS  0.602  0.553  0.558  0.570  0.592  0.578  0.575  0.533  0.548  0.499   \n",
       "GLY  0.553  0.504  0.509  0.521  0.543  0.529  0.526  0.484  0.499  0.450   \n",
       "THR  0.609  0.560  0.565  0.577  0.599  0.585  0.582  0.540  0.555  0.506   \n",
       "ALA  0.580  0.531  0.536  0.548  0.570  0.556  0.553  0.511  0.526  0.477   \n",
       "MET  0.637  0.588  0.593  0.605  0.627  0.613  0.610  0.568  0.583  0.534   \n",
       "TYR  0.651  0.602  0.607  0.619  0.641  0.627  0.624  0.582  0.597  0.548   \n",
       "VAL  0.621  0.572  0.577  0.589  0.611  0.597  0.594  0.552  0.567  0.518   \n",
       "TRP  0.667  0.618  0.623  0.635  0.657  0.643  0.640  0.598  0.613  0.564   \n",
       "LEU  0.637  0.588  0.593  0.605  0.627  0.613  0.610  0.568  0.583  0.534   \n",
       "ILE  0.637  0.588  0.593  0.605  0.627  0.613  0.610  0.568  0.583  0.534   \n",
       "PRO  0.606  0.557  0.562  0.574  0.596  0.582  0.579  0.537  0.552  0.503   \n",
       "PHE  0.646  0.597  0.602  0.614  0.636  0.622  0.619  0.577  0.592  0.543   \n",
       "\n",
       "       THR    ALA    MET    TYR    VAL    TRP    LEU    ILE    PRO    PHE  \n",
       "ARG  0.609  0.580  0.637  0.651  0.621  0.667  0.637  0.637  0.606  0.646  \n",
       "ASP  0.560  0.531  0.588  0.602  0.572  0.618  0.588  0.588  0.557  0.597  \n",
       "ASN  0.565  0.536  0.593  0.607  0.577  0.623  0.593  0.593  0.562  0.602  \n",
       "GLU  0.577  0.548  0.605  0.619  0.589  0.635  0.605  0.605  0.574  0.614  \n",
       "LYS  0.599  0.570  0.627  0.641  0.611  0.657  0.627  0.627  0.596  0.636  \n",
       "HIS  0.585  0.556  0.613  0.627  0.597  0.643  0.613  0.613  0.582  0.622  \n",
       "GLN  0.582  0.553  0.610  0.624  0.594  0.640  0.610  0.610  0.579  0.619  \n",
       "SER  0.540  0.511  0.568  0.582  0.552  0.598  0.568  0.568  0.537  0.577  \n",
       "CYS  0.555  0.526  0.583  0.597  0.567  0.613  0.583  0.583  0.552  0.592  \n",
       "GLY  0.506  0.477  0.534  0.548  0.518  0.564  0.534  0.534  0.503  0.543  \n",
       "THR  0.562  0.533  0.590  0.604  0.574  0.620  0.590  0.590  0.559  0.599  \n",
       "ALA  0.533  0.504  0.561  0.575  0.545  0.591  0.561  0.561  0.530  0.570  \n",
       "MET  0.590  0.561  0.618  0.632  0.602  0.648  0.618  0.618  0.587  0.627  \n",
       "TYR  0.604  0.575  0.632  0.646  0.616  0.662  0.632  0.632  0.601  0.641  \n",
       "VAL  0.574  0.545  0.602  0.616  0.586  0.632  0.602  0.602  0.571  0.611  \n",
       "TRP  0.620  0.591  0.648  0.662  0.632  0.678  0.648  0.648  0.617  0.657  \n",
       "LEU  0.590  0.561  0.618  0.632  0.602  0.648  0.618  0.618  0.587  0.627  \n",
       "ILE  0.590  0.561  0.618  0.632  0.602  0.648  0.618  0.618  0.587  0.627  \n",
       "PRO  0.559  0.530  0.587  0.601  0.571  0.617  0.587  0.587  0.556  0.596  \n",
       "PHE  0.599  0.570  0.627  0.641  0.611  0.657  0.627  0.627  0.596  0.636  "
      ]
     },
     "execution_count": 6,
     "metadata": {},
     "output_type": "execute_result"
    }
   ],
   "source": [
    "sigmamap"
   ]
  },
  {
   "cell_type": "code",
   "execution_count": 7,
   "metadata": {},
   "outputs": [],
   "source": [
    "s_scale = 0.95\n",
    "\n",
    "def hps(s,l):\n",
    "    # piece-wise HPS potential\n",
    "    print(s)\n",
    "    x = np.linspace(s,2,1000)\n",
    "    eps = .2*4.184\n",
    "    f1 = lambda x : 4*eps*(-(s/x)**6+(s/x)**12)*l\n",
    "    f2 = lambda x : 4*eps*(-(s/x)**6+(s/x)**12)+(1-l)*eps\n",
    "    mask = x>2**(1/6)*s\n",
    "    return np.append( f2(x[~mask]) , f1(x[mask]))\n",
    "\n",
    "def customLJ_GMX(s,l,p1,p2):\n",
    "    # GMX LJ potential\n",
    "    x = np.linspace(s,2,1000)\n",
    "    eps = .2*4.184\n",
    "    x6 = (s/x)**6\n",
    "    return 4*eps*(-p1*x6+p2*x6**2)\n",
    "\n",
    "def residuals_GMX(p, *args):\n",
    "    s, l = args\n",
    "    r = customLJ_GMX(s,l,p[0],p[1]) - hps(s,l)\n",
    "    return r"
   ]
  },
  {
   "cell_type": "code",
   "execution_count": 8,
   "metadata": {},
   "outputs": [
    {
     "name": "stdout",
     "output_type": "stream",
     "text": [
      "0.656\n",
      "0.656\n",
      "0.656\n",
      "0.656\n",
      "0.656\n",
      "0.656\n",
      "0.656\n",
      "0.656\n",
      "0.656\n",
      "0.607\n",
      "0.607\n",
      "0.607\n",
      "0.607\n",
      "0.607\n",
      "0.607\n",
      "0.607\n",
      "0.607\n",
      "0.607\n",
      "0.6120000000000001\n",
      "0.6120000000000001\n",
      "0.6120000000000001\n",
      "0.6120000000000001\n",
      "0.6120000000000001\n",
      "0.6120000000000001\n",
      "0.6120000000000001\n",
      "0.6120000000000001\n",
      "0.6120000000000001\n",
      "0.624\n",
      "0.624\n",
      "0.624\n",
      "0.624\n",
      "0.624\n",
      "0.624\n",
      "0.624\n",
      "0.624\n",
      "0.624\n",
      "0.646\n",
      "0.646\n",
      "0.646\n",
      "0.646\n",
      "0.646\n",
      "0.646\n",
      "0.646\n",
      "0.646\n",
      "0.646\n",
      "0.632\n",
      "0.632\n",
      "0.632\n",
      "0.632\n",
      "0.632\n",
      "0.632\n",
      "0.632\n",
      "0.629\n",
      "0.629\n",
      "0.629\n",
      "0.629\n",
      "0.629\n",
      "0.629\n",
      "0.629\n",
      "0.587\n",
      "0.587\n",
      "0.587\n",
      "0.587\n",
      "0.587\n",
      "0.587\n",
      "0.587\n",
      "0.587\n",
      "0.587\n",
      "0.6020000000000001\n",
      "0.6020000000000001\n",
      "0.6020000000000001\n",
      "0.6020000000000001\n",
      "0.6020000000000001\n",
      "0.6020000000000001\n",
      "0.6020000000000001\n",
      "0.553\n",
      "0.553\n",
      "0.553\n",
      "0.553\n",
      "0.553\n",
      "0.553\n",
      "0.553\n",
      "0.553\n",
      "0.553\n",
      "0.609\n",
      "0.609\n",
      "0.609\n",
      "0.609\n",
      "0.609\n",
      "0.609\n",
      "0.609\n",
      "0.609\n",
      "0.609\n",
      "0.5800000000000001\n",
      "0.5800000000000001\n",
      "0.5800000000000001\n",
      "0.5800000000000001\n",
      "0.5800000000000001\n",
      "0.5800000000000001\n",
      "0.5800000000000001\n",
      "0.5800000000000001\n",
      "0.5800000000000001\n",
      "0.637\n",
      "0.637\n",
      "0.637\n",
      "0.637\n",
      "0.637\n",
      "0.637\n",
      "0.637\n",
      "0.637\n",
      "0.637\n",
      "0.651\n",
      "0.651\n",
      "0.651\n",
      "0.651\n",
      "0.651\n",
      "0.651\n",
      "0.651\n",
      "0.621\n",
      "0.621\n",
      "0.621\n",
      "0.621\n",
      "0.621\n",
      "0.621\n",
      "0.621\n",
      "0.667\n",
      "0.667\n",
      "0.667\n",
      "0.667\n",
      "0.667\n",
      "0.667\n",
      "0.667\n",
      "0.637\n",
      "0.637\n",
      "0.637\n",
      "0.637\n",
      "0.637\n",
      "0.637\n",
      "0.637\n",
      "0.637\n",
      "0.637\n",
      "0.637\n",
      "0.637\n",
      "0.637\n",
      "0.637\n",
      "0.637\n",
      "0.637\n",
      "0.637\n",
      "0.637\n",
      "0.637\n",
      "0.6060000000000001\n",
      "0.6060000000000001\n",
      "0.6060000000000001\n",
      "0.6060000000000001\n",
      "0.6060000000000001\n",
      "0.6060000000000001\n",
      "0.6060000000000001\n",
      "0.6060000000000001\n",
      "0.6060000000000001\n",
      "0.646\n",
      "0.646\n",
      "0.646\n",
      "0.646\n",
      "0.646\n",
      "0.646\n",
      "0.646\n",
      "0.646\n",
      "0.646\n",
      "0.558\n",
      "0.558\n",
      "0.558\n",
      "0.558\n",
      "0.558\n",
      "0.558\n",
      "0.558\n",
      "0.558\n",
      "0.558\n",
      "0.5630000000000001\n",
      "0.5630000000000001\n",
      "0.5630000000000001\n",
      "0.5630000000000001\n",
      "0.5630000000000001\n",
      "0.5630000000000001\n",
      "0.5630000000000001\n",
      "0.5630000000000001\n",
      "0.5630000000000001\n",
      "0.575\n",
      "0.575\n",
      "0.575\n",
      "0.575\n",
      "0.575\n",
      "0.575\n",
      "0.575\n",
      "0.597\n",
      "0.597\n",
      "0.597\n",
      "0.597\n",
      "0.597\n",
      "0.597\n",
      "0.597\n",
      "0.583\n",
      "0.583\n",
      "0.583\n",
      "0.583\n",
      "0.583\n",
      "0.583\n",
      "0.583\n",
      "0.583\n",
      "0.583\n",
      "0.5800000000000001\n",
      "0.5800000000000001\n",
      "0.5800000000000001\n",
      "0.5800000000000001\n",
      "0.5800000000000001\n",
      "0.5800000000000001\n",
      "0.5800000000000001\n",
      "0.5800000000000001\n",
      "0.5800000000000001\n",
      "0.538\n",
      "0.538\n",
      "0.538\n",
      "0.538\n",
      "0.538\n",
      "0.538\n",
      "0.538\n",
      "0.538\n",
      "0.538\n",
      "0.553\n",
      "0.553\n",
      "0.553\n",
      "0.553\n",
      "0.553\n",
      "0.553\n",
      "0.553\n",
      "0.504\n",
      "0.504\n",
      "0.504\n",
      "0.504\n",
      "0.504\n",
      "0.504\n",
      "0.504\n",
      "0.56\n",
      "0.56\n",
      "0.56\n",
      "0.56\n",
      "0.56\n",
      "0.56\n",
      "0.56\n",
      "0.531\n",
      "0.531\n",
      "0.531\n",
      "0.531\n",
      "0.531\n",
      "0.531\n",
      "0.531\n",
      "0.531\n",
      "0.531\n",
      "0.5880000000000001\n",
      "0.5880000000000001\n",
      "0.5880000000000001\n",
      "0.5880000000000001\n",
      "0.5880000000000001\n",
      "0.5880000000000001\n",
      "0.5880000000000001\n",
      "0.6020000000000001\n",
      "0.6020000000000001\n",
      "0.6020000000000001\n",
      "0.6020000000000001\n",
      "0.6020000000000001\n",
      "0.6020000000000001\n",
      "0.6020000000000001\n",
      "0.5720000000000001\n",
      "0.5720000000000001\n",
      "0.5720000000000001\n",
      "0.5720000000000001\n",
      "0.5720000000000001\n",
      "0.5720000000000001\n",
      "0.5720000000000001\n",
      "0.5720000000000001\n",
      "0.5720000000000001\n",
      "0.6180000000000001\n",
      "0.6180000000000001\n",
      "0.6180000000000001\n",
      "0.6180000000000001\n",
      "0.6180000000000001\n",
      "0.6180000000000001\n",
      "0.6180000000000001\n",
      "0.5880000000000001\n",
      "0.5880000000000001\n",
      "0.5880000000000001\n",
      "0.5880000000000001\n",
      "0.5880000000000001\n",
      "0.5880000000000001\n",
      "0.5880000000000001\n",
      "0.5880000000000001\n",
      "0.5880000000000001\n",
      "0.5880000000000001\n",
      "0.5880000000000001\n",
      "0.5880000000000001\n",
      "0.5880000000000001\n",
      "0.5880000000000001\n",
      "0.557\n",
      "0.557\n",
      "0.557\n",
      "0.557\n",
      "0.557\n",
      "0.557\n",
      "0.557\n",
      "0.597\n",
      "0.597\n",
      "0.597\n",
      "0.597\n",
      "0.597\n",
      "0.597\n",
      "0.597\n",
      "0.5680000000000001\n",
      "0.5680000000000001\n",
      "0.5680000000000001\n",
      "0.5680000000000001\n",
      "0.5680000000000001\n",
      "0.5680000000000001\n",
      "0.5680000000000001\n",
      "0.5800000000000001\n",
      "0.5800000000000001\n",
      "0.5800000000000001\n",
      "0.5800000000000001\n",
      "0.5800000000000001\n",
      "0.5800000000000001\n",
      "0.5800000000000001\n",
      "0.6020000000000001\n",
      "0.6020000000000001\n",
      "0.6020000000000001\n",
      "0.6020000000000001\n",
      "0.6020000000000001\n",
      "0.6020000000000001\n",
      "0.6020000000000001\n",
      "0.6020000000000001\n",
      "0.6020000000000001\n",
      "0.5880000000000001\n",
      "0.5880000000000001\n",
      "0.5880000000000001\n",
      "0.5880000000000001\n",
      "0.5880000000000001\n",
      "0.5880000000000001\n",
      "0.5880000000000001\n",
      "0.5880000000000001\n",
      "0.5880000000000001\n",
      "0.585\n",
      "0.585\n",
      "0.585\n",
      "0.585\n",
      "0.585\n",
      "0.585\n",
      "0.585\n",
      "0.543\n",
      "0.543\n",
      "0.543\n",
      "0.543\n",
      "0.543\n",
      "0.543\n",
      "0.543\n",
      "0.558\n",
      "0.558\n",
      "0.558\n",
      "0.558\n",
      "0.558\n",
      "0.558\n",
      "0.558\n",
      "0.558\n",
      "0.558\n",
      "0.509\n",
      "0.509\n",
      "0.509\n",
      "0.509\n",
      "0.509\n",
      "0.509\n",
      "0.509\n",
      "0.509\n",
      "0.509\n",
      "0.5650000000000001\n",
      "0.5650000000000001\n",
      "0.5650000000000001\n",
      "0.5650000000000001\n",
      "0.5650000000000001\n",
      "0.5650000000000001\n",
      "0.536\n",
      "0.536\n",
      "0.536\n",
      "0.536\n",
      "0.536\n",
      "0.536\n",
      "0.536\n",
      "0.593\n",
      "0.593\n",
      "0.593\n",
      "0.593\n",
      "0.593\n",
      "0.593\n",
      "0.593\n",
      "0.607\n",
      "0.607\n",
      "0.607\n",
      "0.607\n",
      "0.607\n",
      "0.607\n",
      "0.607\n",
      "0.607\n",
      "0.607\n",
      "0.577\n",
      "0.577\n",
      "0.577\n",
      "0.577\n",
      "0.577\n",
      "0.577\n",
      "0.577\n",
      "0.623\n",
      "0.623\n",
      "0.623\n",
      "0.623\n",
      "0.623\n",
      "0.623\n",
      "0.623\n",
      "0.623\n",
      "0.623\n",
      "0.593\n",
      "0.593\n",
      "0.593\n",
      "0.593\n",
      "0.593\n",
      "0.593\n",
      "0.593\n",
      "0.593\n",
      "0.593\n",
      "0.593\n",
      "0.593\n",
      "0.593\n",
      "0.593\n",
      "0.593\n",
      "0.562\n",
      "0.562\n",
      "0.562\n",
      "0.562\n",
      "0.562\n",
      "0.562\n",
      "0.562\n",
      "0.6020000000000001\n",
      "0.6020000000000001\n",
      "0.6020000000000001\n",
      "0.6020000000000001\n",
      "0.6020000000000001\n",
      "0.6020000000000001\n",
      "0.6020000000000001\n",
      "0.6020000000000001\n",
      "0.6020000000000001\n",
      "0.592\n",
      "0.592\n",
      "0.592\n",
      "0.592\n",
      "0.592\n",
      "0.592\n",
      "0.592\n",
      "0.614\n",
      "0.614\n",
      "0.614\n",
      "0.614\n",
      "0.614\n",
      "0.614\n",
      "0.6\n",
      "0.6\n",
      "0.6\n",
      "0.6\n",
      "0.6\n",
      "0.6\n",
      "0.6\n",
      "0.597\n",
      "0.597\n",
      "0.597\n",
      "0.597\n",
      "0.597\n",
      "0.597\n",
      "0.597\n",
      "0.597\n",
      "0.597\n",
      "0.5549999999999999\n",
      "0.5549999999999999\n",
      "0.5549999999999999\n",
      "0.5549999999999999\n",
      "0.5549999999999999\n",
      "0.5549999999999999\n",
      "0.5549999999999999\n",
      "0.5549999999999999\n",
      "0.5549999999999999\n",
      "0.5700000000000001\n",
      "0.5700000000000001\n",
      "0.5700000000000001\n",
      "0.5700000000000001\n",
      "0.5700000000000001\n",
      "0.5700000000000001\n",
      "0.5700000000000001\n",
      "0.5700000000000001\n",
      "0.5700000000000001\n",
      "0.521\n",
      "0.521\n",
      "0.521\n",
      "0.521\n",
      "0.521\n",
      "0.521\n",
      "0.521\n",
      "0.577\n",
      "0.577\n",
      "0.577\n",
      "0.577\n",
      "0.577\n",
      "0.577\n",
      "0.577\n",
      "0.577\n",
      "0.577\n",
      "0.548\n",
      "0.548\n",
      "0.548\n",
      "0.548\n",
      "0.548\n",
      "0.548\n",
      "0.605\n",
      "0.605\n",
      "0.605\n",
      "0.605\n",
      "0.605\n",
      "0.605\n",
      "0.605\n",
      "0.605\n",
      "0.605\n",
      "0.619\n",
      "0.619\n",
      "0.619\n",
      "0.619\n",
      "0.619\n",
      "0.619\n",
      "0.619\n",
      "0.619\n",
      "0.619\n",
      "0.589\n",
      "0.589\n",
      "0.589\n",
      "0.589\n",
      "0.589\n",
      "0.589\n",
      "0.635\n",
      "0.635\n",
      "0.635\n",
      "0.635\n",
      "0.635\n",
      "0.635\n",
      "0.605\n",
      "0.605\n",
      "0.605\n",
      "0.605\n",
      "0.605\n",
      "0.605\n",
      "0.605\n",
      "0.605\n",
      "0.605\n",
      "0.605\n",
      "0.605\n",
      "0.605\n",
      "0.5740000000000001\n",
      "0.5740000000000001\n",
      "0.5740000000000001\n",
      "0.5740000000000001\n",
      "0.5740000000000001\n",
      "0.5740000000000001\n",
      "0.5740000000000001\n",
      "0.614\n",
      "0.614\n",
      "0.614\n",
      "0.614\n",
      "0.614\n",
      "0.614\n",
      "0.636\n",
      "0.636\n",
      "0.636\n",
      "0.636\n",
      "0.636\n",
      "0.636\n",
      "0.636\n",
      "0.636\n",
      "0.636\n",
      "0.622\n",
      "0.622\n",
      "0.622\n",
      "0.622\n",
      "0.622\n",
      "0.622\n",
      "0.622\n",
      "0.619\n",
      "0.619\n",
      "0.619\n",
      "0.619\n",
      "0.619\n",
      "0.619\n",
      "0.619\n",
      "0.619\n",
      "0.619\n",
      "0.577\n",
      "0.577\n",
      "0.577\n",
      "0.577\n",
      "0.577\n",
      "0.577\n",
      "0.577\n",
      "0.5920000000000001\n",
      "0.5920000000000001\n",
      "0.5920000000000001\n",
      "0.5920000000000001\n",
      "0.5920000000000001\n",
      "0.5920000000000001\n",
      "0.5920000000000001\n",
      "0.5920000000000001\n",
      "0.5920000000000001\n",
      "0.543\n",
      "0.543\n",
      "0.543\n",
      "0.543\n",
      "0.543\n",
      "0.543\n",
      "0.543\n",
      "0.599\n",
      "0.599\n",
      "0.599\n",
      "0.599\n",
      "0.599\n",
      "0.599\n",
      "0.599\n",
      "0.599\n",
      "0.599\n",
      "0.5700000000000001\n",
      "0.5700000000000001\n",
      "0.5700000000000001\n",
      "0.5700000000000001\n",
      "0.5700000000000001\n",
      "0.5700000000000001\n",
      "0.5700000000000001\n",
      "0.5700000000000001\n",
      "0.5700000000000001\n",
      "0.627\n",
      "0.627\n",
      "0.627\n",
      "0.627\n",
      "0.627\n",
      "0.627\n",
      "0.641\n",
      "0.641\n",
      "0.641\n",
      "0.641\n",
      "0.641\n",
      "0.641\n",
      "0.641\n",
      "0.641\n",
      "0.641\n",
      "0.611\n",
      "0.611\n",
      "0.611\n",
      "0.611\n",
      "0.611\n",
      "0.611\n",
      "0.611\n",
      "0.611\n",
      "0.611\n",
      "0.657\n",
      "0.657\n",
      "0.657\n",
      "0.657\n",
      "0.657\n",
      "0.657\n",
      "0.657\n",
      "0.627\n",
      "0.627\n",
      "0.627\n",
      "0.627\n",
      "0.627\n",
      "0.627\n",
      "0.627\n",
      "0.627\n",
      "0.627\n",
      "0.627\n",
      "0.627\n",
      "0.627\n",
      "0.5960000000000001\n",
      "0.5960000000000001\n",
      "0.5960000000000001\n",
      "0.5960000000000001\n",
      "0.5960000000000001\n",
      "0.5960000000000001\n",
      "0.5960000000000001\n",
      "0.5960000000000001\n",
      "0.5960000000000001\n",
      "0.636\n",
      "0.636\n",
      "0.636\n",
      "0.636\n",
      "0.636\n",
      "0.636\n",
      "0.636\n",
      "0.636\n",
      "0.636\n",
      "0.608\n",
      "0.608\n",
      "0.608\n",
      "0.608\n",
      "0.608\n",
      "0.608\n",
      "0.608\n",
      "0.608\n",
      "0.608\n",
      "0.605\n",
      "0.605\n",
      "0.605\n",
      "0.605\n",
      "0.605\n",
      "0.605\n",
      "0.605\n",
      "0.605\n",
      "0.605\n",
      "0.563\n",
      "0.563\n",
      "0.563\n",
      "0.563\n",
      "0.563\n",
      "0.563\n",
      "0.563\n",
      "0.563\n",
      "0.563\n",
      "0.5780000000000001\n",
      "0.5780000000000001\n",
      "0.5780000000000001\n",
      "0.5780000000000001\n",
      "0.5780000000000001\n",
      "0.5780000000000001\n",
      "0.5780000000000001\n",
      "0.529\n",
      "0.529\n",
      "0.529\n",
      "0.529\n",
      "0.529\n",
      "0.529\n",
      "0.585\n",
      "0.585\n",
      "0.585\n",
      "0.585\n",
      "0.585\n",
      "0.585\n",
      "0.585\n",
      "0.585\n",
      "0.585\n",
      "0.556\n",
      "0.556\n",
      "0.556\n",
      "0.556\n",
      "0.556\n",
      "0.556\n",
      "0.556\n",
      "0.556\n",
      "0.556\n",
      "0.613\n",
      "0.613\n",
      "0.613\n",
      "0.613\n",
      "0.613\n",
      "0.613\n",
      "0.613\n",
      "0.627\n",
      "0.627\n",
      "0.627\n",
      "0.627\n",
      "0.627\n",
      "0.627\n",
      "0.597\n",
      "0.597\n",
      "0.597\n",
      "0.597\n",
      "0.597\n",
      "0.597\n",
      "0.597\n",
      "0.597\n",
      "0.597\n",
      "0.643\n",
      "0.643\n",
      "0.643\n",
      "0.643\n",
      "0.643\n",
      "0.643\n",
      "0.613\n",
      "0.613\n",
      "0.613\n",
      "0.613\n",
      "0.613\n",
      "0.613\n",
      "0.613\n",
      "0.613\n",
      "0.613\n",
      "0.613\n",
      "0.613\n",
      "0.613\n",
      "0.613\n",
      "0.613\n",
      "0.5820000000000001\n",
      "0.5820000000000001\n",
