 A C D E F G H I K L M N P Q R S T V W Y
A -0.141964 -0.256888 -0.004056 0.021633 -0.424541 -0.086531 -0.100051 -0.393444 0.048673 -0.438061 -0.306913 -0.022985 -0.048673 -0.029745 -0.021633 -0.045969 -0.087883 -0.320433 -0.290689 -0.228495
C -0.256888 -0.509719 -0.100051 -0.081122 -0.558393 -0.201454 -0.260944 -0.517831 -0.037857 -0.562449 -0.448877 -0.124388 -0.189286 -0.159541 -0.121684 -0.160893 -0.194694 -0.444821 -0.443469 -0.336658
D -0.004056 -0.100051 0.062194 0.087883 -0.244719 0.010816 -0.087883 -0.202806 -0.001352 -0.233903 -0.121684 -0.001352 0.045969 0.028393 -0.083826 0.005408 -0.017577 -0.109515 -0.158189 -0.147372
E 0.021633 -0.081122 0.087883 0.102755 -0.255536 0.060842 -0.064898 -0.216326 -0.017577 -0.259592 -0.164949 0.021633 0.055434 0.033801 -0.081122 0.025689 -0.009464 -0.135204 -0.178469 -0.151428
F -0.424541 -0.558393 -0.244719 -0.255536 -0.755790 -0.332602 -0.419132 -0.699005 -0.228495 -0.758494 -0.661148 -0.281224 -0.348826 -0.328546 -0.312321 -0.317729 -0.352882 -0.624642 -0.607066 -0.539464
G -0.086531 -0.201454 0.010816 0.060842 -0.332602 -0.077066 -0.064898 -0.285280 0.070306 -0.336658 -0.232551 -0.009464 -0.027041 0.001352 -0.006760 -0.020281 -0.055434 -0.231199 -0.236607 -0.181173
H -0.100051 -0.260944 -0.087883 -0.064898 -0.419132 -0.064898 -0.186582 -0.333954 0.043265 -0.388035 -0.312321 -0.055434 -0.078418 -0.041913 -0.066250 -0.059490 -0.101403 -0.258240 -0.312321 -0.250127
I -0.393444 -0.517831 -0.202806 -0.216326 -0.699005 -0.285280 -0.333954 -0.658443 -0.181173 -0.726045 -0.588137 -0.212270 -0.282576 -0.270408 -0.265000 -0.250127 -0.319081 -0.592194 -0.555688 -0.484030
K 0.048673 -0.037857 -0.001352 -0.017577 -0.228495 0.070306 0.043265 -0.181173 0.209566 -0.229847 -0.109515 0.062194 0.094643 0.051378 0.146020 0.083826 0.048673 -0.110867 -0.137908 -0.125740
L -0.438061 -0.562449 -0.233903 -0.259592 -0.758494 -0.336658 -0.388035 -0.726045 -0.229847 -0.770663 -0.640867 -0.279872 -0.342066 -0.320433 -0.319081 -0.304209 -0.360995 -0.650331 -0.604362 -0.540816
M -0.306913 -0.448877 -0.121684 -0.164949 -0.661148 -0.232551 -0.312321 -0.588137 -0.109515 -0.640867 -0.512423 -0.173061 -0.240663 -0.220383 -0.196046 -0.183877 -0.248775 -0.493495 -0.524592 -0.438061
N -0.022985 -0.124388 -0.001352 0.021633 -0.281224 -0.009464 -0.055434 -0.212270 0.062194 -0.279872 -0.173061 -0.001352 0.018929 -0.005408 0.004056 0.012168 -0.028393 -0.156837 -0.189286 -0.147372
P -0.048673 -0.189286 0.045969 0.055434 -0.348826 -0.027041 -0.078418 -0.282576 0.094643 -0.342066 -0.240663 0.018929 -0.010816 -0.008112 -0.004056 0.013520 -0.031097 -0.223087 -0.278520 -0.205510
Q -0.029745 -0.159541 0.028393 0.033801 -0.328546 0.001352 -0.041913 -0.270408 0.051378 -0.320433 -0.220383 -0.005408 -0.008112 0.017577 -0.017577 0.024337 -0.031097 -0.189286 -0.194694 -0.175765
R -0.021633 -0.121684 -0.083826 -0.081122 -0.312321 -0.006760 -0.066250 -0.265000 0.146020 -0.319081 -0.196046 0.004056 -0.004056 -0.017577 0.016224 0.006760 -0.031097 -0.189286 -0.235255 -0.201454
S -0.045969 -0.160893 0.005408 0.025689 -0.317729 -0.020281 -0.059490 -0.250127 0.083826 -0.304209 -0.183877 0.012168 0.013520 0.024337 0.006760 0.000000 -0.039209 -0.186582 -0.178469 -0.150076
T -0.087883 -0.194694 -0.017577 -0.009464 -0.352882 -0.055434 -0.101403 -0.319081 0.048673 -0.360995 -0.248775 -0.028393 -0.031097 -0.031097 -0.031097 -0.039209 -0.060842 -0.242015 -0.209566 -0.181173
V -0.320433 -0.444821 -0.109515 -0.135204 -0.624642 -0.231199 -0.258240 -0.592194 -0.110867 -0.650331 -0.493495 -0.156837 -0.223087 -0.189286 -0.189286 -0.186582 -0.242015 -0.520535 -0.474566 -0.398852
W -0.290689 -0.443469 -0.158189 -0.178469 -0.607066 -0.236607 -0.312321 -0.555688 -0.137908 -0.604362 -0.524592 -0.189286 -0.278520 -0.194694 -0.235255 -0.178469 -0.209566 -0.474566 -0.458342 -0.404260
Y -0.228495 -0.336658 -0.147372 -0.151428 -0.539464 -0.181173 -0.250127 -0.484030 -0.125740 -0.540816 -0.438061 -0.147372 -0.205510 -0.175765 -0.201454 -0.150076 -0.181173 -0.398852 -0.404260 -0.338010
