Res A C D E F G H I K L M N P Q R S T V W Y
A -0.142 -0.257 -0.004 0.022 -0.425 -0.087 -0.1 -0.393 0.049 -0.438 -0.307 -0.023 -0.049 -0.03 -0.022 -0.046 -0.08800000000000001 -0.32 -0.29100000000000004 -0.228
C -0.257 -0.51 -0.1 -0.081 -0.5579999999999999 -0.201 -0.261 -0.518 -0.038 -0.562 -0.449 -0.124 -0.189 -0.16 -0.122 -0.161 -0.195 -0.445 -0.443 -0.337
D -0.004 -0.1 0.062 0.08800000000000001 -0.245 0.011 -0.08800000000000001 -0.203 -0.001 -0.234 -0.122 -0.001 0.046 0.028 -0.084 0.005 -0.018000000000000002 -0.11 -0.158 -0.147
E 0.022 -0.081 0.08800000000000001 0.103 -0.256 0.061 -0.065 -0.21600000000000005 -0.018000000000000002 -0.26 -0.165 0.022 0.055 0.034 -0.081 0.026 -0.009000000000000001 -0.135 -0.17800000000000002 -0.151
F -0.425 -0.5579999999999999 -0.245 -0.256 -0.7559999999999999 -0.333 -0.419 -0.6990000000000001 -0.228 -0.758 -0.6609999999999999 -0.281 -0.349 -0.329 -0.312 -0.318 -0.353 -0.625 -0.607 -0.539
G -0.087 -0.201 0.011 0.061 -0.333 -0.077 -0.065 -0.285 0.07 -0.337 -0.233 -0.009000000000000001 -0.027000000000000003 0.001 -0.006999999999999999 -0.02 -0.055 -0.231 -0.237 -0.181
H -0.1 -0.261 -0.08800000000000001 -0.065 -0.419 -0.065 -0.187 -0.334 0.043 -0.388 -0.312 -0.055 -0.078 -0.042 -0.066 -0.059 -0.101 -0.258 -0.312 -0.25
I -0.393 -0.518 -0.203 -0.21600000000000005 -0.6990000000000001 -0.285 -0.334 -0.6579999999999999 -0.181 -0.726 -0.588 -0.212 -0.28300000000000003 -0.27 -0.265 -0.25 -0.319 -0.5920000000000001 -0.556 -0.484
K 0.049 -0.038 -0.001 -0.018000000000000002 -0.228 0.07 0.043 -0.181 0.21 -0.23 -0.11 0.062 0.095 0.051 0.146 0.084 0.049 -0.111 -0.138 -0.126
L -0.438 -0.562 -0.234 -0.26 -0.758 -0.337 -0.388 -0.726 -0.23 -0.7709999999999999 -0.6409999999999999 -0.28 -0.342 -0.32 -0.319 -0.304 -0.361 -0.65 -0.604 -0.541
M -0.307 -0.449 -0.122 -0.165 -0.6609999999999999 -0.233 -0.312 -0.588 -0.11 -0.6409999999999999 -0.512 -0.173 -0.241 -0.22 -0.196 -0.184 -0.249 -0.493 -0.525 -0.438
N -0.023 -0.124 -0.001 0.022 -0.281 -0.009000000000000001 -0.055 -0.212 0.062 -0.28 -0.173 -0.001 0.019 -0.005 0.004 0.012 -0.028 -0.157 -0.189 -0.147
P -0.049 -0.189 0.046 0.055 -0.349 -0.027000000000000003 -0.078 -0.28300000000000003 0.095 -0.342 -0.241 0.019 -0.011 -0.008 -0.004 0.014 -0.031 -0.223 -0.279 -0.206
Q -0.03 -0.16 0.028 0.034 -0.329 0.001 -0.042 -0.27 0.051 -0.32 -0.22 -0.005 -0.008 0.018000000000000002 -0.018000000000000002 0.024 -0.031 -0.189 -0.195 -0.17600000000000002
R -0.022 -0.122 -0.084 -0.081 -0.312 -0.006999999999999999 -0.066 -0.265 0.146 -0.319 -0.196 0.004 -0.004 -0.018000000000000002 0.016 0.006999999999999999 -0.031 -0.189 -0.235 -0.201
S -0.046 -0.161 0.005 0.026 -0.318 -0.02 -0.059 -0.25 0.084 -0.304 -0.184 0.012 0.014 0.024 0.006999999999999999 0.0 -0.039 -0.187 -0.17800000000000002 -0.15
T -0.08800000000000001 -0.195 -0.018000000000000002 -0.009000000000000001 -0.353 -0.055 -0.101 -0.319 0.049 -0.361 -0.249 -0.028 -0.031 -0.031 -0.031 -0.039 -0.061 -0.242 -0.21 -0.181
V -0.32 -0.445 -0.11 -0.135 -0.625 -0.231 -0.258 -0.5920000000000001 -0.111 -0.65 -0.493 -0.157 -0.223 -0.189 -0.189 -0.187 -0.242 -0.521 -0.475 -0.399
W -0.29100000000000004 -0.443 -0.158 -0.17800000000000002 -0.607 -0.237 -0.312 -0.556 -0.138 -0.604 -0.525 -0.189 -0.279 -0.195 -0.235 -0.17800000000000002 -0.21 -0.475 -0.458 -0.404
Y -0.228 -0.337 -0.147 -0.151 -0.539 -0.181 -0.25 -0.484 -0.126 -0.541 -0.438 -0.147 -0.206 -0.17600000000000002 -0.201 -0.15 -0.181 -0.399 -0.404 -0.338
